345
0.02131 0.024177
0.020583 0.03224
0.039005 0.023562
0.023119 0.032259
0.021736 0.03224
0.023807 0.032242
0.051825 0.021222
0.036678 0.028617
0.059554 0.024486
0.028618 0.033338
0.02617 0.032639
0.086798 0.020908
0.030201 0.033169
0.11517 0.020782
0.031701 0.032762
0.030911 0.03298
0.033085 0.032454
0.14177 0.020838
0.080429 0.026256
0.1517 0.026894
0.055278 0.02958
0.037619 0.031495
0.047766 0.029442
0.16552 0.024363
0.068914 0.029881
0.17334 0.021846
0.091739 0.02846
0.07673 0.028853
0.092042 0.028462
0.18063 0.0262
0.12688 0.027334
0.19393 0.021929
0.16187 0.032763
0.12999 0.027899
0.13739 0.030774
0.2011 0.024311
0.16488 0.034146
0.20887 0.023006
0.1891 0.033613
0.13669 0.030981
0.13679 0.031408
0.20974 0.030791
0.18217 0.03514
0.21749 0.025552
0.18217 0.037115
0.13408 0.031048
0.12599 0.030092
0.2253 0.028493
0.1193 0.029434
0.23366 0.023695
0.18439 0.040692
0.11975 0.029501
0.13167 0.031672
0.23983 0.028355
0.13579 0.032904
0.24203 0.03134
0.21545 0.038719
0.13725 0.033245
0.14262 0.034543
0.2497 0.026291
0.21283 0.041221
0.24045 0.037874
0.14543 0.037
0.14335 0.035195
0.26807 0.024335
0.14679 0.038059
0.27169 0.02979
0.22968 0.041608
0.14766 0.038645
0.14989 0.039679
0.27776 0.029143
0.14915 0.039826
0.27575 0.033445
0.14819 0.039942
0.14862 0.039861
0.14751 0.039887
0.28393 0.029058
0.26348 0.039224
0.29077 0.027062
0.14216 0.037786
0.14468 0.039254
0.14157 0.037419
0.28831 0.03267
0.2634 0.043504
0.28084 0.040371
0.084347 0.034739
0.052359 0.034255
0.29702 0.030674
0.25647 0.041447
0.29609 0.032691
0.19411 0.040533
0.038191 0.037892
0.036815 0.039138
0.29463 0.036962
0.037254 0.039425
0.3001 0.033055
0.16526 0.041788
0.03962 0.039475
0.043213 0.039231
0.30626 0.030394
0.24616 0.043427
0.32883 0.024243
0.044322 0.039626
0.042648 0.039701
0.044386 0.039619
0.30563 0.032421
0.12044 0.038539
0.3047 0.033442
0.12823 0.036365
0.045199 0.039458
0.33101 0.029064
0.13734 0.038701
0.34176 0.023716
0.069283 0.039675
0.047329 0.039076
0.047775 0.039065
0.33952 0.028469
0.048466 0.039024
0.30249 0.035737
0.048747 0.039001
0.048457 0.039024
0.048699 0.039006
0.32534 0.032836
0.049727 0.038928
0.35825 0.022205
0.17714 0.043042
0.20498 0.041433
0.095999 0.035867
0.092819 0.035748
0.37052 0.022658
0.34891 0.030606
0.38703 0.020862
0.38241 0.024652
0.35193 0.032021
0.37889 0.028935
0.32114 0.033783
0.36402 0.033737
0.35764 0.033459
0.091796 0.035569
0.097946 0.035968
0.38811 0.03602
0.38396 0.040267
0.27757 0.043828
0.34573 0.039661
0.36955 0.039061
0.32778 0.04109
0.35334 0.03913
0.30946 0.03992
0.30215 0.041225
0.39863 0.021573
0.39617 0.02334
0.40859 0.020245
0.40476 0.023041
0.39432 0.025678
0.41452 0.021503
0.40568 0.02663
0.3839 0.035579
0.39375 0.033674
0.3956 0.034886
0.40376 0.031448
0.36627 0.040382
0.38289 0.04365
0.40741 0.028667
0.41066 0.024729
0.30964 0.040065
0.38775 0.043074
0.40595 0.038232
0.41463 0.028038
0.40355 0.041867
0.39181 0.038973
0.41245 0.039619
0.41233 0.029124
0.39563 0.041659
0.42727 0.020667
0.44291 0.021899
0.49065 0.020885
0.45939 0.025844
0.44498 0.024367
0.49542 0.023515
0.4227 0.025153
0.43161 0.03942
0.53464 0.026316
0.50156 0.029208
0.42605 0.032254
0.43259 0.042751
0.50102 0.030699
0.48959 0.034746
0.41627 0.025798
0.41851 0.026554
0.47015 0.033618
0.44869 0.036597
0.42486 0.03575
0.42124 0.031997
0.45044 0.040563
0.42693 0.043622
0.43755 0.039188
0.5477 0.020894
0.55062 0.023902
0.57133 0.021622
0.5792 0.025397
0.56055 0.029277
0.56999 0.031813
0.56452 0.040173
0.56907 0.041164
0.59329 0.033923
0.54538 0.031327
0.5281 0.028956
0.60443 0.03862
0.61321 0.037675
0.51632 0.032836
0.49731 0.035211
0.59367 0.03472
0.54901 0.037437
0.49086 0.035104
0.50664 0.036808
0.53276 0.03587
0.58242 0.022223
0.60958 0.028909
0.60267 0.02607
0.62692 0.038128
0.6022 0.030191
0.8314 0.039844
0.61928 0.039759
0.60658 0.038886
0.57539 0.040468
0.55775 0.039644
0.60811 0.022263
0.89316 0.039173
0.62019 0.024427
0.91837 0.040421
0.87908 0.038606
0.93276 0.040876
0.63274 0.039114
0.7053 0.038628
0.63604 0.03908
0.81424 0.039059
0.95297 0.038333
0.95836 0.038171
0.62889 0.023131
0.96062 0.038047
0.6463 0.037985
0.96163 0.038029
0.96102 0.038043
0.96169 0.038025
0.64083 0.029731
0.7959 0.038227
0.64468 0.029095
0.96148 0.037967
0.96164 0.038004
0.64535 0.023107
0.96108 0.037932
0.65614 0.037443
0.69729 0.038012
0.96134 0.037952
0.95895 0.037913
0.6588 0.037323
0.7344 0.039829
0.65882 0.028445
0.67569 0.037758
0.95715 0.037987
0.66655 0.037146
0.93381 0.039829
0.66591 0.025134
0.71247 0.039123
0.93951 0.039999
0.92367 0.036687
0.66861 0.02314
0.89677 0.037324
0.67943 0.03145
0.6945 0.037348
0.87201 0.037982
0.84916 0.039663
0.68816 0.031808
0.81483 0.038272
0.69095 0.035349
0.78644 0.03696
0.77301 0.037487
0.69312 0.024227
0.76187 0.03816
0.70086 0.026513
0.75721 0.038767
0.76193 0.038151
0.7603 0.038398
0.70498 0.022919
0.75573 0.038741
0.71183 0.035727
0.76601 0.037904
0.75623 0.038726
0.76102 0.038072
0.71481 0.034665
0.77893 0.036396
0.72286 0.022489
0.73449 0.038749
0.77426 0.036935
0.79648 0.037154
0.72998 0.02226
0.73838 0.039049
0.73237 0.035173
0.74212 0.039225
0.80908 0.039284
0.82093 0.034822
0.73892 0.023034
0.74732 0.039039
0.74271 0.035769
0.75236 0.036778
0.83722 0.039575
0.84085 0.039409
0.74659 0.029241
0.76777 0.032841
0.75696 0.030406
0.77553 0.032102
0.84129 0.038841
0.85196 0.038531
0.75778 0.027613
0.78956 0.029717
0.77042 0.024061
0.86305 0.037727
0.85806 0.039431
0.86744 0.034901
0.78218 0.021506
0.8058 0.02965
0.79411 0.024088
0.89306 0.031955
0.80526 0.02329
0.84422 0.030777
0.82834 0.02369
0.85472 0.02998
0.90179 0.032324
0.84619 0.025931
0.92582 0.031278
0.85659 0.025638
0.93877 0.030273
0.93094 0.031177
0.93745 0.030598
0.86724 0.021505
0.89817 0.024536
0.89147 0.021982
0.95468 0.027964
0.94974 0.028093
0.95831 0.02784
0.92578 0.022357
0.93049 0.023632
0.97164 0.021711
0.9752 0.023595
0.96248 0.027872
