345
0.023248 0.021685
0.021253 0.024959
0.073654 0.02135
0.026698 0.024968
0.02373 0.024959
0.028179 0.02496
0.099136 0.020733
0.062334 0.023193
0.10962 0.022941
0.038153 0.025033
0.033152 0.024959
0.14783 0.020906
0.041749 0.025013
0.16731 0.021274
0.045587 0.024924
0.043523 0.024972
0.049364 0.024828
0.18957 0.020811
0.13472 0.024903
0.19968 0.025937
0.091691 0.025326
0.06085 0.024496
0.080671 0.024447
0.2176 0.023236
0.11033 0.026375
0.22859 0.021386
0.14278 0.027566
0.12363 0.026424
0.1432 0.0276
0.23786 0.025592
0.1744 0.029084
0.25027 0.022267
0.21515 0.029482
0.17734 0.029078
0.18584 0.030624
0.25608 0.025211
0.21965 0.030276
0.26282 0.023397
0.25138 0.035871
0.18509 0.030888
0.18529 0.031271
0.26476 0.032171
0.24586 0.034868
0.27082 0.026216
0.24742 0.037255
0.18207 0.031416
0.17315 0.032491
0.27757 0.029854
0.16802 0.03338
0.28458 0.024238
0.25175 0.045068
0.16831 0.033383
0.17898 0.032581
0.29017 0.029116
0.18436 0.032802
0.2925 0.032188
0.27266 0.041409
0.18622 0.032901
0.19318 0.033395
0.2996 0.027244
0.27088 0.044913
0.29188 0.039227
0.19762 0.034994
0.19438 0.033842
0.31305 0.025911
0.19959 0.035743
0.31562 0.033208
0.28448 0.047098
0.20097 0.036135
0.20434 0.036601
0.32027 0.032135
0.20367 0.037018
0.31911 0.03798
0.20272 0.037513
0.20311 0.037237
0.20191 0.037668
0.32484 0.031317
0.31097 0.047725
0.33043 0.029326
0.19423 0.036444
0.19832 0.037532
0.19324 0.036136
0.32798 0.036218
0.31152 0.05548
0.32356 0.047445
0.11611 0.031006
0.082252 0.027354
0.335 0.035239
0.30664 0.049483
0.33438 0.037755
0.25797 0.04936
0.055896 0.027901
0.051795 0.028723
0.33336 0.042874
0.051573 0.029076
0.33679 0.039911
0.227 0.038035
0.053469 0.029717
0.057074 0.030543
0.34085 0.037159
0.29871 0.046602
0.35543 0.025824
0.057577 0.031893
0.05577 0.031204
0.057663 0.031912
0.34035 0.040477
0.15532 0.038004
0.33967 0.042123
0.17339 0.038757
0.05893 0.031981
0.35694 0.032486
0.1876 0.03843
0.36492 0.024991
0.10357 0.034343
0.062491 0.032127
0.063265 0.032155
0.36315 0.031436
0.064468 0.032177
0.33799 0.045375
0.06496 0.032177
0.064453 0.032177
0.064875 0.032178
0.35255 0.038382
0.066762 0.032117
0.37647 0.023277
0.24547 0.044628
0.2647 0.049596
0.1265 0.034653
0.12439 0.03485
0.38495 0.02373
0.37038 0.034936
0.39935 0.021085
0.39416 0.025541
0.3724 0.037305
0.39086 0.030905
0.34942 0.040396
0.38007 0.04012
0.37604 0.03996
0.12317 0.034187
0.1278 0.034737
0.40029 0.040429
0.39407 0.043694
0.32237 0.056787
0.36791 0.047273
0.38289 0.046786
0.35377 0.05035
0.37306 0.048015
0.34227 0.053095
0.33749 0.055055
0.42306 0.022075
0.42135 0.024475
0.43071 0.020269
0.42775 0.023609
0.41961 0.027786
0.43711 0.021554
0.42845 0.027691
0.39506 0.038488
0.41814 0.039277
0.42032 0.040206
0.42688 0.034036
0.3806 0.04931
0.39144 0.048376
0.42977 0.029669
0.4327 0.025073
0.34237 0.05345
0.39824 0.048398
0.42697 0.042075
0.43722 0.028305
0.42457 0.04921
0.41052 0.050093
0.4315 0.040848
0.43468 0.029611
0.4189 0.050303
0.44901 0.020725
0.46467 0.021834
0.49893 0.021417
0.47975 0.027713
0.46654 0.02438
0.50182 0.025518
0.44473 0.025699
0.4475 0.040919
0.52555 0.031265
0.50624 0.034021
0.44679 0.033583
0.4456 0.048204
0.50611 0.036296
0.49835 0.043864
0.43891 0.025875
0.44103 0.026572
0.48526 0.042549
0.46833 0.037437
0.44454 0.037523
0.44284 0.032775
0.4693 0.043908
0.44282 0.054589
0.45405 0.039672
0.53334 0.021526
0.53516 0.026627
0.54829 0.022592
0.55282 0.028993
0.54109 0.034356
0.54795 0.038499
0.54676 0.049586
0.55101 0.052189
0.56349 0.035974
0.53215 0.03935
0.5224 0.03656
0.57256 0.043082
0.57801 0.040641
0.51707 0.041734
0.50394 0.043492
0.56399 0.036812
0.53515 0.049811
0.49926 0.044506
0.51124 0.044899
0.52554 0.048423
0.55463 0.023578
0.57627 0.030181
0.57116 0.02706
0.5942 0.037272
0.57065 0.03191
0.77377 0.036772
0.58435 0.040046
0.57355 0.042758
0.55533 0.051942
0.54117 0.051173
0.57524 0.02258
0.86573 0.037774
0.58592 0.024419
0.89345 0.037302
0.85494 0.03737
0.91401 0.037238
0.6032 0.041055
0.66699 0.03964
0.60669 0.041338
0.76394 0.038492
0.94139 0.034912
0.94885 0.034517
0.59533 0.023017
0.95171 0.034415
0.61382 0.042447
0.95324 0.034352
0.95229 0.034393
0.95334 0.034345
0.60746 0.030655
0.73884 0.043564
0.61057 0.030504
0.95303 0.034289
0.95327 0.034323
0.61111 0.023618
0.95245 0.034272
0.62089 0.041516
0.65933 0.040238
0.95283 0.03428
0.94974 0.034281
0.62302 0.041233
0.69417 0.043948
0.62195 0.029937
0.63937 0.040376
0.94746 0.034262
0.62997 0.04005
0.91724 0.035278
0.6284 0.025989
0.67825 0.039335
0.92402 0.036692
0.9043 0.033126
0.63077 0.023571
0.87097 0.034566
0.64135 0.032301
0.65753 0.039617
0.84739 0.033774
0.81067 0.034007
0.64995 0.03307
0.76477 0.036393
0.65398 0.037206
0.73543 0.043272
0.72866 0.043284
0.65347 0.024827
0.71943 0.041934
0.6595 0.026765
0.71565 0.042589
0.7195 0.04193
0.71797 0.042079
0.66354 0.022901
0.71434 0.042967
0.67492 0.0349
0.72379 0.041516
0.71478 0.042738
0.71855 0.041589
0.6781 0.034208
0.73266 0.043178
0.68299 0.022667
0.69384 0.040149
0.72942 0.042623
0.74042 0.040111
0.68916 0.022519
0.69697 0.041011
0.69198 0.036368
0.70083 0.041697
0.75819 0.036095
0.76967 0.033657
0.6972 0.023316
0.70579 0.042139
0.70127 0.036989
0.711 0.039956
0.78846 0.031071
0.79813 0.030515
0.7047 0.030256
0.72347 0.035348
0.7135 0.032496
0.72914 0.036046
0.79996 0.030142
0.81527 0.032405
0.71385 0.029158
0.73754 0.032526
0.7243 0.024876
0.83131 0.031542
0.82128 0.033804
0.84161 0.030181
0.73359 0.022018
0.75435 0.028388
0.74213 0.024848
0.86967 0.030665
0.75364 0.022862
0.8087 0.026309
0.77903 0.022911
0.82292 0.026965
0.88024 0.029981
0.81191 0.02369
0.91072 0.02876
0.82543 0.023932
0.92834 0.028019
0.91803 0.028546
0.92652 0.028208
0.84272 0.021045
0.87716 0.023806
0.86951 0.021806
0.94796 0.026446
0.94236 0.026655
0.95252 0.026355
0.91152 0.02184
0.91799 0.022779
0.96956 0.021366
0.974 0.022879
0.95791 0.026297
