345
0.02132 0.024145
0.020578 0.032146
0.039151 0.023533
0.023091 0.032165
0.021722 0.032146
0.023774 0.032148
0.052084 0.021211
0.036807 0.02855
0.059893 0.024505
0.028456 0.033236
0.026094 0.032542
0.085315 0.021104
0.030023 0.033083
0.10947 0.020807
0.031532 0.032688
0.030736 0.032904
0.032924 0.03238
0.13695 0.020742
0.080299 0.027145
0.14892 0.025534
0.055572 0.02955
0.037521 0.031419
0.047983 0.029359
0.16652 0.023402
0.069071 0.030083
0.17663 0.021449
0.089238 0.030702
0.076729 0.029715
0.089479 0.030707
0.18583 0.024996
0.12112 0.02711
0.20202 0.021581
0.16182 0.030004
0.12444 0.027531
0.132 0.029882
0.21094 0.023577
0.16581 0.031079
0.22 0.022619
0.19605 0.031082
0.13121 0.030129
0.13123 0.030524
0.22102 0.029439
0.18773 0.032267
0.22974 0.024991
0.18774 0.033867
0.12842 0.030293
0.12005 0.029841
0.23828 0.027459
0.11341 0.02951
0.24808 0.022948
0.19031 0.036888
0.11384 0.029556
0.12577 0.031017
0.25639 0.026224
0.12989 0.032016
0.25934 0.028362
0.22722 0.036704
0.13135 0.032225
0.13667 0.032942
0.2698 0.024498
0.22423 0.038739
0.25678 0.033276
0.13947 0.034848
0.13737 0.03346
0.29514 0.023103
0.14107 0.03561
0.29988 0.02686
0.24196 0.038241
0.14219 0.035949
0.14519 0.036165
0.30942 0.026519
0.1441 0.036365
0.30654 0.029515
0.1427 0.036588
0.14333 0.036474
0.14172 0.036682
0.31752 0.027501
0.28807 0.034351
0.32499 0.026381
0.13542 0.036006
0.13804 0.03682
0.13488 0.035732
0.32243 0.031273
0.28727 0.037443
0.31326 0.035939
0.08343 0.037572
0.052224 0.034124
0.33088 0.029825
0.27878 0.035365
0.32946 0.031696
0.20137 0.036899
0.036979 0.037868
0.035522 0.039122
0.32723 0.03564
0.035877 0.039403
0.3337 0.031855
0.16683 0.037114
0.038001 0.039482
0.041577 0.039234
0.34204 0.028573
0.26452 0.036965
0.36975 0.024001
0.042724 0.039625
0.04085 0.039716
0.042796 0.039618
0.34071 0.030305
0.11349 0.038876
0.33928 0.031286
0.12151 0.035995
0.04373 0.039456
0.37196 0.028744
0.13037 0.037434
0.38207 0.023918
0.069725 0.040022
0.046158 0.039057
0.046654 0.039044
0.37996 0.028963
0.047424 0.038998
0.33582 0.033818
0.047739 0.038974
0.047414 0.038999
0.047684 0.038979
0.3662 0.031532
0.048833 0.038891
0.39838 0.022229
0.18187 0.038248
0.21462 0.038012
0.092736 0.039643
0.090206 0.039785
0.41008 0.022724
0.38864 0.030784
0.42812 0.020763
0.42266 0.024183
0.3916 0.031975
0.41861 0.028259
0.3611 0.031494
0.40433 0.03414
0.39762 0.033632
0.089379 0.039629
0.094273 0.039506
0.4293 0.034212
0.42414 0.038059
0.30855 0.037271
0.38558 0.039639
0.40923 0.039638
0.37092 0.039583
0.39255 0.03882
0.34315 0.036041
0.33383 0.037939
0.4408 0.02145
0.43809 0.023026
0.4515 0.020246
0.44778 0.022942
0.43609 0.025096
0.45701 0.021581
0.44873 0.026461
0.42429 0.033889
0.43565 0.032246
0.43776 0.033475
0.44689 0.030994
0.40651 0.040922
0.42258 0.04077
0.4504 0.028563
0.45343 0.024865
0.34332 0.036135
0.42886 0.040147
0.44957 0.037878
0.45711 0.028457
0.44766 0.040436
0.43362 0.036873
0.45462 0.040308
0.45498 0.029534
0.43824 0.039556
0.4697 0.020607
0.48767 0.021925
0.51471 0.021775
0.5007 0.030216
0.48978 0.024679
0.5169 0.026667
0.46463 0.024962
0.47456 0.037041
0.54251 0.028385
0.5207 0.036462
0.46774 0.031347
0.47617 0.038961
0.52016 0.039281
0.5155 0.047163
0.45862 0.026046
0.46067 0.026656
0.50885 0.047745
0.49691 0.041757
0.46556 0.034852
0.4628 0.031795
0.50094 0.047176
0.4667 0.040465
0.48324 0.037985
0.55273 0.021092
0.5553 0.024696
0.57561 0.021593
0.58307 0.026194
0.56375 0.029468
0.57444 0.031555
0.56648 0.039962
0.57466 0.040184
0.59514 0.037687
0.55024 0.033985
0.53743 0.032848
0.605 0.040956
0.61419 0.039739
0.5306 0.040073
0.51823 0.046448
0.59557 0.038654
0.55161 0.041296
0.51595 0.047351
0.52391 0.046804
0.54019 0.042053
0.58582 0.022641
0.60785 0.030074
0.60151 0.02721
0.62694 0.041201
0.60121 0.032146
0.82528 0.039478
0.6214 0.042122
0.60751 0.040825
0.58275 0.041382
0.55918 0.040998
0.60644 0.022586
0.89285 0.038729
0.61738 0.02497
0.91595 0.040496
0.87733 0.036844
0.93153 0.039537
0.63123 0.042022
0.69208 0.038214
0.63375 0.042153
0.80623 0.037593
0.95508 0.03793
0.96113 0.038419
0.62526 0.023545
0.96308 0.038535
0.64119 0.040872
0.96397 0.038627
0.96344 0.038575
0.96403 0.038629
0.63558 0.031494
0.78779 0.037702
0.63862 0.030658
0.96383 0.038546
0.96398 0.038602
0.63914 0.023636
0.96348 0.038466
0.6493 0.039615
0.68492 0.038987
0.96371 0.038515
0.96161 0.038219
0.65159 0.039316
0.72808 0.037748
0.65104 0.029431
0.66597 0.039685
0.95985 0.038089
0.65796 0.039108
0.93281 0.038657
0.65728 0.025724
0.70044 0.03721
0.93973 0.038777
0.92193 0.036391
0.65955 0.0235
0.8967 0.037229
0.66954 0.03256
0.68247 0.038683
0.86962 0.03584
0.84388 0.037605
0.67724 0.032831
0.80702 0.036778
0.67944 0.036648
0.77815 0.036258
0.76501 0.038125
0.682 0.024563
0.75459 0.039308
0.68937 0.02654
0.7505 0.040111
0.75466 0.039297
0.7532 0.039613
0.69332 0.022818
0.7492 0.040133
0.70013 0.034228
0.75854 0.038903
0.74964 0.0401
0.75383 0.039242
0.70388 0.032647
0.77053 0.036488
0.71384 0.022124
0.7281 0.036791
0.76617 0.037446
0.78849 0.036659
0.72225 0.02195
0.73288 0.037892
0.72528 0.033223
0.7372 0.038874
0.80032 0.038705
0.81444 0.033868
0.73243 0.022845
0.74183 0.039691
0.73733 0.035521
0.7461 0.038096
0.83106 0.039178
0.83456 0.038577
0.74028 0.029415
0.7601 0.033517
0.74983 0.031154
0.7674 0.032394
0.83503 0.037973
0.84724 0.036548
0.75056 0.028149
0.78176 0.029127
0.76257 0.024255
0.85973 0.035955
0.85442 0.037023
0.86467 0.03348
0.77388 0.021484
0.79842 0.029287
0.78664 0.023941
0.89269 0.031557
0.79786 0.023168
0.83874 0.03001
0.82275 0.023566
0.85075 0.028914
0.90154 0.032427
0.84106 0.02543
0.92515 0.030936
0.8529 0.025043
0.93913 0.029607
0.93061 0.030457
0.93757 0.029919
0.86464 0.02136
0.89803 0.024492
0.891 0.021888
0.95601 0.02785
0.95081 0.027726
0.95985 0.027911
0.92527 0.022285
0.93021 0.023397
0.97225 0.021846
0.97555 0.023878
0.96376 0.028147
