345
0.023169 0.021727
0.021222 0.025083
0.072227 0.021391
0.026535 0.025092
0.02364 0.025083
0.02798 0.025084
0.096985 0.020753
0.061239 0.023286
0.10721 0.023014
0.03771 0.025165
0.032831 0.025085
0.14466 0.02092
0.041215 0.025147
0.16396 0.021277
0.04495 0.025057
0.042941 0.025106
0.048624 0.024961
0.18637 0.020797
0.13177 0.024996
0.19668 0.025745
0.089749 0.025478
0.059799 0.024627
0.079039 0.024578
0.21551 0.022992
0.10791 0.026533
0.22775 0.021224
0.13968 0.027691
0.12089 0.026563
0.14009 0.027725
0.23832 0.024571
0.17105 0.029054
0.25477 0.021712
0.21292 0.028854
0.17399 0.029023
0.18257 0.030478
0.26256 0.024216
0.21767 0.029423
0.27031 0.022961
0.25765 0.032232
0.18181 0.030746
0.18202 0.031122
0.27286 0.030826
0.24961 0.031174
0.27916 0.025714
0.25238 0.032858
0.17873 0.031299
0.1698 0.032464
0.28647 0.029286
0.16467 0.033406
0.29372 0.024088
0.26148 0.04063
0.16496 0.033405
0.17563 0.032487
0.29949 0.028884
0.18107 0.032644
0.30198 0.03191
0.28295 0.040001
0.18296 0.03272
0.19006 0.033106
0.30911 0.027136
0.28182 0.043798
0.30169 0.038779
0.19458 0.03456
0.19128 0.033515
0.32267 0.02595
0.19659 0.035236
0.32529 0.033363
0.29503 0.04687
0.198 0.035579
0.20154 0.035936
0.3298 0.032388
0.20083 0.036355
0.32877 0.038316
0.19983 0.036858
0.20024 0.036581
0.19898 0.037031
0.33422 0.031662
0.32099 0.04792
0.33962 0.029744
0.19113 0.03606
0.1953 0.037004
0.19011 0.035785
0.3373 0.036839
0.32158 0.055853
0.33316 0.048359
0.11354 0.031263
0.080574 0.027571
0.34402 0.036119
0.31671 0.049479
0.34344 0.038749
0.27072 0.047257
0.05498 0.028126
0.05099 0.028966
0.34249 0.044129
0.050773 0.029329
0.3457 0.041163
0.22639 0.036026
0.052619 0.029991
0.056126 0.030844
0.34946 0.03843
0.30871 0.046438
0.36287 0.026256
0.056616 0.032234
0.054857 0.031522
0.056699 0.032253
0.34901 0.041969
0.15204 0.038206
0.34837 0.0437
0.17003 0.038713
0.057932 0.032326
0.36429 0.033385
0.18437 0.038147
0.3718 0.025295
0.1013 0.034718
0.061392 0.032482
0.062143 0.032512
0.37013 0.032156
0.063311 0.032536
0.34683 0.047091
0.063788 0.032537
0.063296 0.032536
0.063706 0.032538
0.36023 0.039822
0.065537 0.032478
0.38272 0.023472
0.25162 0.039121
0.27705 0.048576
0.12371 0.034962
0.12164 0.03517
0.39071 0.023956
0.37694 0.035811
0.40431 0.021143
0.3994 0.025853
0.37883 0.038323
0.39629 0.031542
0.35735 0.042087
0.38605 0.04132
0.38223 0.041144
0.12044 0.034497
0.12498 0.035043
0.4053 0.041481
0.39938 0.044968
0.33206 0.05805
0.37456 0.048945
0.38871 0.04832
0.36137 0.052708
0.37937 0.049688
0.35078 0.055702
0.34636 0.057435
0.42712 0.022121
0.42544 0.024586
0.43466 0.020273
0.43174 0.023663
0.42371 0.028001
0.44097 0.021579
0.43243 0.027804
0.40029 0.039516
0.4224 0.039853
0.42454 0.040743
0.43091 0.034261
0.3865 0.05099
0.39688 0.049888
0.43373 0.029808
0.43663 0.02515
0.35086 0.056091
0.4034 0.049809
0.43105 0.04246
0.44108 0.028438
0.42878 0.049901
0.41521 0.051325
0.43548 0.041171
0.43858 0.02976
0.42328 0.051236
0.45266 0.02074
0.46785 0.021914
0.49995 0.021526
0.48219 0.028224
0.46963 0.024584
0.50264 0.025933
0.44846 0.0258
0.45112 0.041316
0.52491 0.03188
0.50679 0.035052
0.45046 0.033832
0.44923 0.048774
0.50667 0.037495
0.49939 0.045611
0.44275 0.025972
0.44483 0.026684
0.48714 0.044184
0.47124 0.038293
0.44824 0.037834
0.4466 0.032997
0.47208 0.045151
0.44651 0.055322
0.45754 0.040212
0.53231 0.0216
0.53404 0.026944
0.5466 0.022706
0.55094 0.029377
0.53977 0.035018
0.54642 0.039317
0.54546 0.050907
0.54953 0.053595
0.56128 0.036592
0.53133 0.04029
0.52199 0.037521
0.57014 0.043932
0.57536 0.041458
0.51702 0.043097
0.50466 0.045167
0.56177 0.037459
0.53436 0.051225
0.50024 0.046283
0.51155 0.046563
0.52518 0.049923
0.55267 0.023728
0.57353 0.030573
0.56858 0.027314
0.5908 0.038117
0.56812 0.032339
0.77471 0.035751
0.58144 0.040906
0.57109 0.043608
0.55367 0.053288
0.54011 0.052607
0.57253 0.022677
0.86724 0.038054
0.5828 0.024612
0.8945 0.037601
0.85662 0.03765
0.91476 0.037464
0.5994 0.042274
0.66489 0.039946
0.60263 0.042649
0.76376 0.037485
0.94179 0.035075
0.94919 0.034656
0.59178 0.023167
0.95202 0.034554
0.60922 0.043984
0.95354 0.034493
0.95259 0.034533
0.95363 0.034487
0.60329 0.031297
0.7406 0.041435
0.60621 0.031164
0.95333 0.03443
0.95357 0.034464
0.60671 0.023846
0.95275 0.034412
0.61576 0.042973
0.65749 0.039132
0.95312 0.03442
0.95007 0.034417
0.61768 0.042645
0.68934 0.045152
0.6169 0.030511
0.63197 0.040364
0.94781 0.034403
0.62377 0.041194
0.91796 0.035478
0.62303 0.026309
0.67475 0.040314
0.92464 0.03691
0.90518 0.033317
0.62528 0.023755
0.87241 0.034797
0.63504 0.031968
0.65487 0.038149
0.84919 0.03399
0.81279 0.034026
0.64483 0.031651
0.76487 0.035456
0.64987 0.035273
0.735 0.039903
0.7241 0.039452
0.64896 0.024262
0.71224 0.040646
0.65589 0.026347
0.70868 0.042391
0.71231 0.040623
0.71087 0.041199
0.66014 0.022832
0.70744 0.043112
0.67142 0.035698
0.71698 0.038958
0.70786 0.042756
0.7115 0.04044
0.67425 0.034928
0.73053 0.038913
0.67856 0.02279
0.68904 0.040878
0.72541 0.038487
0.74171 0.037866
0.68451 0.022621
0.69193 0.04173
0.68728 0.036978
0.69547 0.042374
0.75797 0.035482
0.77044 0.032685
0.69225 0.023405
0.69993 0.042717
0.69599 0.037298
0.70481 0.0399
0.79036 0.030836
0.80025 0.030406
0.69956 0.030362
0.71787 0.033394
0.7081 0.032254
0.72563 0.032914
0.80209 0.030056
0.81739 0.032446
0.70879 0.02894
0.73699 0.030645
0.71984 0.024183
0.83332 0.031657
0.82338 0.033885
0.8435 0.03032
0.73174 0.021626
0.75452 0.028157
0.74211 0.024358
0.87112 0.030832
0.75379 0.022789
0.81082 0.026311
0.78075 0.022776
0.825 0.02701
0.88153 0.030152
0.81404 0.023697
0.91151 0.028875
0.82749 0.023962
0.92891 0.028123
0.91873 0.028658
0.92711 0.028315
0.8446 0.021059
0.8785 0.02387
0.87097 0.021834
0.94831 0.026509
0.94276 0.026727
0.95282 0.026417
0.91231 0.021864
0.91869 0.022816
0.96968 0.021382
0.97407 0.022912
0.95816 0.026362
