345
0.020793 0.027015
0.022015 0.048618
0.032314 0.026178
0.030919 0.048749
0.025999 0.048618
0.033199 0.048898
0.038426 0.022416
0.041455 0.035512
0.046027 0.029447
0.048835 0.050343
0.040975 0.049441
0.054667 0.022424
0.052748 0.050261
0.062212 0.023072
0.057434 0.050154
0.054921 0.050211
0.061423 0.050168
0.070809 0.021676
0.068856 0.036492
0.0811 0.029905
0.078126 0.048653
0.068252 0.049226
0.075088 0.048953
0.088449 0.025066
0.082727 0.047843
0.095948 0.022124
0.088597 0.047437
0.085331 0.047618
0.088688 0.047434
0.10241 0.027555
0.097325 0.047378
0.11216 0.022314
0.11055 0.036137
0.098571 0.047508
0.10947 0.050531
0.11887 0.024329
0.11792 0.038764
0.12795 0.022717
0.12629 0.035958
0.11176 0.051924
0.11506 0.053715
0.13218 0.03058
0.12773 0.038805
0.13746 0.026131
0.13261 0.042306
0.11638 0.055986
0.11814 0.060382
0.14356 0.030385
0.11876 0.062713
0.15038 0.023628
0.14023 0.045803
0.11889 0.062767
0.1223 0.063677
0.15771 0.027492
0.12482 0.064124
0.16114 0.030784
0.15424 0.04348
0.12586 0.064254
0.13062 0.064553
0.16767 0.028432
0.15813 0.04906
0.16724 0.038429
0.13593 0.066143
0.13229 0.065526
0.17817 0.026605
0.13843 0.066806
0.18158 0.033033
0.17039 0.049747
0.13982 0.066931
0.14264 0.067484
0.18615 0.029868
0.14323 0.068954
0.18719 0.034316
0.14367 0.070618
0.14337 0.069748
0.14345 0.071324
0.19246 0.029098
0.18411 0.050142
0.19867 0.029002
0.13695 0.075398
0.1406 0.073689
0.13618 0.075641
0.19885 0.035191
0.18601 0.056796
0.19873 0.04428
0.11225 0.073011
0.10164 0.070903
0.20546 0.036393
0.18043 0.063306
0.20596 0.038921
0.16905 0.070195
0.085184 0.067885
0.076174 0.065741
0.20737 0.04406
0.073364 0.065339
0.20978 0.04298
0.15555 0.077669
0.068836 0.06517
0.062313 0.066023
0.21211 0.043306
0.17915 0.069617
0.21754 0.030292
0.051474 0.070281
0.057648 0.067187
0.051193 0.07051
0.21326 0.049447
0.12075 0.080492
0.21352 0.052499
0.13 0.082455
0.050494 0.071456
0.21954 0.041723
0.13528 0.083325
0.22284 0.028427
0.091246 0.075087
0.049647 0.075092
0.049731 0.075634
0.22336 0.038551
0.050346 0.075434
0.21431 0.060421
0.05074 0.075046
0.050334 0.075447
0.050654 0.075152
0.21887 0.05681
0.052833 0.072726
0.2304 0.025254
0.16021 0.082802
0.17352 0.079224
0.092101 0.078805
0.088307 0.078194
0.2355 0.026354
0.23124 0.043454
0.24369 0.021506
0.24069 0.028724
0.23463 0.048397
0.24129 0.036829
0.21757 0.066941
0.24033 0.051572
0.23787 0.054864
0.096934 0.07939
0.092292 0.079057
0.2642 0.03512
0.27367 0.036769
0.20875 0.071948
0.2457 0.059747
0.26683 0.040492
0.28102 0.041427
0.254 0.053264
0.28535 0.041039
0.29708 0.041145
0.29225 0.021148
0.27946 0.022785
0.43961 0.020137
0.40195 0.021084
0.27281 0.024879
0.47963 0.021045
0.40855 0.022517
0.2513 0.038225
0.30728 0.027925
0.33213 0.025094
0.38475 0.023362
0.32069 0.028608
0.33482 0.027704
0.42546 0.023777
0.45512 0.02398
0.3149 0.032462
0.32819 0.032094
0.37879 0.02536
0.48027 0.025585
0.36873 0.026813
0.35192 0.029752
0.41246 0.027084
0.45814 0.02646
0.38828 0.028287
0.57474 0.02018
0.63648 0.0206
0.72543 0.021006
0.68918 0.022614
0.6422 0.021321
0.72903 0.024281
0.55679 0.02258
0.58549 0.024433
0.74881 0.032271
0.72472 0.029903
0.56726 0.024014
0.58631 0.026079
0.72176 0.031204
0.6991 0.031586
0.5193 0.024409
0.53673 0.02521
0.66556 0.026489
0.64015 0.025961
0.55953 0.027036
0.54243 0.027861
0.67813 0.029614
0.66745 0.030065
0.61627 0.027097
0.76009 0.021399
0.76229 0.025928
0.77495 0.023863
0.77708 0.036294
0.76478 0.032748
0.77116 0.040803
0.76218 0.044414
0.76573 0.049262
0.78044 0.060223
0.75164 0.039701
0.74298 0.036634
0.80241 0.067581
0.81531 0.073181
0.7327 0.036137
0.7081 0.036
0.78065 0.062493
0.74863 0.051413
0.70454 0.03776
0.71514 0.042157
0.73848 0.045539
0.77857 0.02716
0.78541 0.051686
0.78411 0.041056
0.79513 0.057791
0.78319 0.054737
0.87749 0.081878
0.81789 0.073917
0.80769 0.070131
0.77186 0.06088
0.75227 0.054254
0.78607 0.028114
0.90143 0.0796
0.78917 0.033282
0.91299 0.078974
0.89816 0.079809
0.9167 0.079006
0.80286 0.057764
0.84219 0.078244
0.80316 0.05623
0.87571 0.079031
0.92409 0.079097
0.92725 0.079252
0.7926 0.027378
0.929 0.079078
0.80582 0.053507
0.93009 0.078312
0.92937 0.078937
0.93018 0.078076
0.79875 0.038178
0.87067 0.077269
0.80062 0.036403
0.92999 0.075252
0.93015 0.076859
0.8006 0.025644
0.92958 0.074294
0.81097 0.047612
0.83913 0.069693
0.92985 0.074822
0.92816 0.072859
0.81312 0.046719
0.84917 0.07285
0.80925 0.033
0.83269 0.062751
0.92696 0.072068
0.82047 0.049427
0.91461 0.069575
0.81374 0.029006
0.84514 0.066349
0.92006 0.070072
0.90773 0.069432
0.81537 0.025759
0.90093 0.069627
0.82386 0.040627
0.83613 0.053459
0.89581 0.06983
0.88417 0.070247
0.8288 0.039415
0.8773 0.069996
0.83304 0.044456
0.86995 0.06848
0.86703 0.067329
0.82865 0.027113
0.8643 0.065317
0.8338 0.030167
0.86363 0.063309
0.86431 0.065353
0.86416 0.064486
0.83563 0.024528
0.86336 0.06223
0.84375 0.041096
0.86741 0.061878
0.86382 0.061884
0.86563 0.061847
0.84673 0.037682
0.87169 0.061842
0.84892 0.022955
0.85783 0.045622
0.87013 0.061819
0.87534 0.062052
0.85518 0.022277
0.86067 0.044326
0.86061 0.034313
0.86479 0.040902
0.8802 0.061682
0.88288 0.061694
0.86527 0.022308
0.86992 0.03874
0.87211 0.031127
0.87682 0.038089
0.88768 0.060197
0.89099 0.058232
0.87894 0.02642
0.88398 0.039003
0.88839 0.031404
0.88744 0.039595
0.89408 0.055678
0.89865 0.05497
0.89155 0.028528
0.89779 0.037259
0.90081 0.025515
0.90666 0.054307
0.90189 0.054565
0.90953 0.054252
0.90907 0.022436
0.90887 0.036275
0.91543 0.027469
0.92028 0.053094
0.92183 0.025588
0.92025 0.040806
0.93132 0.028533
0.92955 0.038759
0.92466 0.052486
0.93588 0.031528
0.93381 0.051583
0.9423 0.030943
0.94424 0.049628
0.93852 0.050506
0.94326 0.049766
0.95304 0.024021
0.95424 0.035266
0.96008 0.02683
0.95814 0.048078
0.95365 0.048431
0.96144 0.047838
0.96826 0.029436
0.96694 0.034206
0.97838 0.029218
0.97855 0.037838
0.9654 0.047557
