345
0.02101 0.025509
0.022546 0.0425
0.03568 0.024839
0.033802 0.0425
0.027583 0.0425
0.036684 0.0425
0.043491 0.021885
0.047464 0.032078
0.053274 0.027305
0.058162 0.0425
0.04695 0.0425
0.064521 0.021861
0.063832 0.0425
0.074422 0.022359
0.071007 0.0425
0.067188 0.0425
0.076471 0.0425
0.085477 0.021312
0.084026 0.032864
0.098499 0.027876
0.098713 0.0425
0.085672 0.0425
0.094989 0.0425
0.10773 0.024113
0.10442 0.0425
0.11688 0.021731
0.11165 0.0425
0.10778 0.0425
0.11176 0.0425
0.12466 0.026139
0.12139 0.0425
0.13694 0.0218
0.13621 0.032597
0.12287 0.0425
0.13815 0.0425
0.14564 0.023264
0.14731 0.034097
0.15805 0.021956
0.15874 0.031462
0.14434 0.0425
0.15354 0.0425
0.16405 0.027364
0.16255 0.033222
0.1716 0.024076
0.17364 0.034496
0.16156 0.0425
0.1773 0.0425
0.18126 0.026315
0.1875 0.0425
0.19294 0.022034
0.19128 0.034573
0.18789 0.0425
0.19681 0.0425
0.20664 0.02399
0.20252 0.0425
0.21347 0.025705
0.21402 0.032568
0.20473 0.0425
0.21545 0.0425
0.22557 0.024265
0.22799 0.034989
0.23255 0.028964
0.23625 0.0425
0.22543 0.0425
0.24742 0.023014
0.24429 0.0425
0.25756 0.025686
0.25234 0.033813
0.24737 0.0425
0.2556 0.0425
0.26558 0.024114
0.26379 0.0425
0.27187 0.025747
0.27267 0.0425
0.26794 0.0425
0.27586 0.0425
0.28141 0.023439
0.28286 0.031719
0.29886 0.02302
0.2916 0.0425
0.2845 0.0425
0.29275 0.0425
0.30429 0.024863
0.30588 0.03226
0.3139 0.027382
0.31152 0.0425
0.31763 0.0425
0.3276 0.024262
0.32123 0.033074
0.33238 0.024707
0.33481 0.033821
0.32711 0.0425
0.33789 0.0425
0.3447 0.025511
0.34128 0.0425
0.35366 0.02487
0.35583 0.033743
0.34791 0.0425
0.3569 0.0425
0.36499 0.024485
0.36241 0.031024
0.37711 0.021746
0.37696 0.0425
0.3622 0.0425
0.37803 0.0425
0.38182 0.025059
0.38898 0.03391
0.39413 0.02521
0.39257 0.033218
0.38337 0.0425
0.40457 0.023107
0.40138 0.032569
0.41206 0.021137
0.41305 0.03452
0.40878 0.0425
0.41617 0.0425
0.42663 0.022506
0.42798 0.0425
0.43831 0.027403
0.43276 0.0425
0.42781 0.0425
0.43192 0.0425
0.44136 0.027129
0.44116 0.0425
0.45623 0.021882
0.45408 0.0425
0.4553 0.0425
0.45928 0.37623
0.45816 0.38091
0.46614 0.024852
0.46129 0.031938
0.47321 0.022448
0.47138 0.031186
0.46823 0.0425
0.47368 0.0425
0.46668 0.36201
0.47421 0.35461
0.47278 0.35575
0.45973 0.37481
0.45785 0.38292
0.4789 0.37037
0.47645 0.38501
0.45855 0.39779
0.46145 0.40629
0.47265 0.39049
0.47328 0.40711
0.4633 0.40982
0.47405 0.41021
0.47533 0.42299
0.48635 0.02755
0.48474 0.034442
0.49661 0.022978
0.49505 0.0425
0.48437 0.0425
0.49843 0.0425
0.49667 0.34602
0.48139 0.35018
0.48796 0.36529
0.49257 0.35443
0.49424 0.36604
0.48795 0.37425
0.48842 0.38402
0.49608 0.37272
0.49722 0.3827
0.48367 0.39436
0.48508 0.40271
0.49103 0.3957
0.49801 0.40325
0.48877 0.41224
0.48572 0.42842
0.49225 0.41595
0.49581 0.41941
0.48904 0.42945
0.50336 0.023098
0.50789 0.031095
0.51782 0.025346
0.51146 0.0425
0.50763 0.0425
0.51694 0.0425
0.50244 0.34596
0.50517 0.36667
0.51759 0.3497
0.5157 0.36203
0.50433 0.37158
0.50656 0.38674
0.51805 0.37194
0.51765 0.38665
0.50159 0.39079
0.50272 0.40051
0.51491 0.39569
0.51268 0.40287
0.50461 0.41216
0.50349 0.43075
0.5179 0.41063
0.51834 0.42673
0.51256 0.42899
0.52654 0.023371
0.52712 0.032771
0.53621 0.023427
0.53897 0.031366
0.52738 0.0425
0.53256 0.0425
0.52624 0.35495
0.52933 0.35763
0.53622 0.36616
0.5285 0.37678
0.52732 0.38281
0.53875 0.37094
0.54239 0.38527
0.52637 0.38988
0.52263 0.40078
0.54224 0.39306
0.53774 0.40793
0.52363 0.40978
0.52821 0.42018
0.53444 0.4133
0.54127 0.024244
0.5468 0.034346
0.55116 0.027097
0.55597 0.031846
0.54101 0.0425
0.55669 0.0425
0.54011 0.37434
0.54248 0.38714
0.54194 0.39527
0.53894 0.40541
0.56493 0.021591
0.5633 0.0425
0.57803 0.022229
0.57283 0.0425
0.56188 0.0425
0.57669 0.0425
0.58288 0.027288
0.58101 0.032692
0.5922 0.0267
0.59192 0.034685
0.58738 0.0425
0.59594 0.0425
0.60452 0.02121
0.60429 0.0425
0.61706 0.026383
0.61563 0.0425
0.60686 0.0425
0.61781 0.0425
0.6232 0.023232
0.62152 0.033132
0.63597 0.023155
0.63832 0.0425
0.62572 0.0425
0.6483 0.021229
0.64507 0.0425
0.6563 0.02689
0.65438 0.032768
0.64133 0.0425
0.65893 0.0425
0.66521 0.027076
0.66333 0.034668
0.67745 0.023463
0.67416 0.032382
0.66705 0.0425
0.68329 0.028647
0.68866 0.0425
0.69877 0.02275
0.69206 0.034914
0.68427 0.0425
0.69505 0.0425
0.70393 0.021819
0.70144 0.0425
0.71164 0.026624
0.71845 0.033239
0.70636 0.0425
0.71667 0.0425
0.72848 0.026465
0.72205 0.0425
0.73144 0.028962
0.73169 0.0425
0.73716 0.0425
0.74234 0.022461
0.74686 0.0425
0.75755 0.023637
0.75817 0.0425
0.74665 0.0425
0.7519 0.0425
0.76287 0.021682
0.76424 0.0425
0.77334 0.028526
0.77626 0.0425
0.7676 0.0425
0.77227 0.0425
0.78346 0.028003
0.78658 0.0425
0.79418 0.021503
0.79634 0.033973
0.78292 0.0425
0.79364 0.0425
0.80546 0.021299
0.80224 0.033725
0.81145 0.028443
0.81278 0.03239
0.80599 0.0425
0.81138 0.0425
0.82227 0.021444
0.8236 0.031756
0.83252 0.027221
0.83595 0.031849
0.82617 0.0425
0.83687 0.0425
0.84325 0.024315
0.84703 0.032811
0.85677 0.027712
0.85223 0.033227
0.84886 0.0425
0.85748 0.0425
0.86178 0.025785
0.86892 0.031765
0.87558 0.023792
0.872 0.0425
0.86341 0.0425
0.8766 0.0425
0.88724 0.02173
0.88563 0.031492
0.89631 0.025334
0.89763 0.0425
0.905 0.024025
0.90154 0.034869
0.91835 0.026215
0.9155 0.03362
0.90562 0.0425
0.92443 0.028545
0.92103 0.0425
0.93307 0.028309
0.93597 0.0425
0.92804 0.0425
0.93468 0.0425
0.94692 0.023164
0.94846 0.032067
0.95584 0.025491
0.95343 0.0425
0.94782 0.0425
0.95755 0.0425
0.96582 0.027759
0.96423 0.031639
0.97804 0.027636
0.97825 0.034777
0.96235 0.0425
