345
0.020757 0.027223
0.020318 0.041218
0.030756 0.027651
0.021699 0.041253
0.020946 0.041218
0.022075 0.041222
0.035773 0.023145
0.029283 0.037678
0.038627 0.03154
0.024657 0.043313
0.023352 0.041959
0.049112 0.022559
0.025496 0.043677
0.059245 0.021878
0.026294 0.043715
0.025874 0.043699
0.027024 0.043886
0.076512 0.020919
0.046179 0.036862
0.086644 0.026321
0.035821 0.0451
0.029346 0.044376
0.033164 0.04391
0.10293 0.023515
0.040844 0.04482
0.11261 0.02142
0.04904 0.044332
0.044128 0.043297
0.049143 0.044327
0.12263 0.024722
0.064564 0.032331
0.13951 0.021632
0.098611 0.030557
0.066765 0.031894
0.072234 0.032802
0.14736 0.023676
0.1019 0.031353
0.15687 0.022424
0.13241 0.031073
0.071579 0.033266
0.071569 0.033751
0.15793 0.028623
0.12345 0.031499
0.16795 0.024465
0.12284 0.033023
0.069284 0.034456
0.063051 0.037569
0.17742 0.026939
0.059448 0.040182
0.18749 0.022857
0.12422 0.036259
0.059646 0.040072
0.067015 0.036618
0.19597 0.026386
0.070329 0.036009
0.19932 0.028858
0.16581 0.034856
0.071566 0.035821
0.076533 0.035674
0.20829 0.025744
0.16193 0.03668
0.19758 0.033702
0.079532 0.037172
0.077255 0.036117
0.22885 0.023384
0.080873 0.03775
0.23351 0.02725
0.18321 0.037842
0.081714 0.038018
0.083969 0.038208
0.24194 0.026219
0.083157 0.038642
0.23909 0.029403
0.082116 0.039168
0.082589 0.038883
0.0814 0.039386
0.25153 0.025556
0.22286 0.036111
0.26255 0.024911
0.075661 0.039284
0.078527 0.039679
0.075048 0.039135
0.25814 0.028307
0.22268 0.040509
0.24637 0.033177
0.044369 0.061954
0.033916 0.058278
0.27096 0.028371
0.21572 0.039839
0.26973 0.029742
0.13598 0.037398
0.028936 0.060241
0.02835 0.062124
0.26774 0.03248
0.02849 0.063261
0.27437 0.030977
0.099984 0.038824
0.029267 0.065504
0.030382 0.067839
0.28157 0.029543
0.20656 0.04057
0.30588 0.023984
0.030673 0.069887
0.030169 0.06869
0.030693 0.069922
0.28069 0.031382
0.054866 0.062625
0.27956 0.032282
0.062451 0.047113
0.030952 0.070158
0.30811 0.028573
0.0705 0.042592
0.3191 0.023849
0.03868 0.071545
0.031641 0.07062
0.031788 0.070712
0.3168 0.028628
0.032017 0.070792
0.27692 0.034084
0.032111 0.070815
0.032015 0.070792
0.032095 0.070813
0.301 0.031822
0.032439 0.070914
0.33404 0.022309
0.11315 0.0391
0.14894 0.038224
0.047345 0.065707
0.046297 0.065875
0.34691 0.02227
0.32561 0.031452
0.36736 0.020732
0.36189 0.02379
0.32799 0.033099
0.35737 0.027241
0.29609 0.032508
0.33856 0.033348
0.33271 0.034265
0.046048 0.065438
0.047975 0.06574
0.36771 0.033686
0.36218 0.036415
0.24104 0.038767
0.32175 0.040961
0.34333 0.036912
0.30138 0.039761
0.32799 0.040749
0.2836 0.038812
0.27609 0.039377
0.38043 0.021355
0.37775 0.022891
0.39249 0.020197
0.38783 0.022481
0.37582 0.024923
0.40037 0.021242
0.38894 0.025338
0.36291 0.032691
0.3745 0.031886
0.37613 0.032925
0.38635 0.02949
0.33892 0.039334
0.36024 0.039469
0.39102 0.02691
0.3952 0.023853
0.28374 0.038999
0.36594 0.039661
0.38668 0.034977
0.4005 0.026646
0.38236 0.038882
0.3712 0.036613
0.39501 0.035801
0.39747 0.027499
0.37448 0.039124
0.4152 0.020561
0.43467 0.021449
0.49185 0.020876
0.45677 0.02455
0.43725 0.023316
0.49668 0.023529
0.40955 0.024518
0.41921 0.035759
0.53446 0.026258
0.50279 0.029423
0.41359 0.030441
0.42001 0.038651
0.50227 0.030929
0.49077 0.0345
0.40233 0.024787
0.40481 0.025422
0.46961 0.031746
0.44128 0.032522
0.41192 0.033593
0.4077 0.030267
0.44308 0.035475
0.41457 0.040756
0.42661 0.035205
0.54852 0.020781
0.55178 0.023284
0.5794 0.021335
0.5879 0.025269
0.56456 0.02685
0.57803 0.029485
0.57419 0.03489
0.5827 0.036788
0.60288 0.034372
0.54597 0.03023
0.52819 0.029294
0.6142 0.03846
0.62247 0.03595
0.51685 0.033415
0.49859 0.035362
0.60345 0.035182
0.55071 0.034873
0.49206 0.03495
0.50763 0.037466
0.53271 0.035959
0.591 0.022271
0.61728 0.028138
0.61036 0.026026
0.63875 0.036367
0.61009 0.030176
0.83953 0.042162
0.63112 0.037507
0.61601 0.037886
0.59141 0.03933
0.56299 0.034811
0.61584 0.022088
0.90412 0.041683
0.62966 0.023884
0.9258 0.04186
0.89293 0.040162
0.94198 0.042105
0.64704 0.037715
0.71844 0.038204
0.65043 0.037012
0.8283 0.042971
0.96111 0.042699
0.96547 0.043369
0.63919 0.022861
0.96682 0.043476
0.66302 0.035584
0.96752 0.043629
0.9671 0.043541
0.96756 0.043633
0.65237 0.028404
0.80689 0.040463
0.65707 0.0279
0.9674 0.043499
0.96752 0.043588
0.65788 0.022699
0.96713 0.04338
0.67357 0.036306
0.7108 0.039461
0.96731 0.043453
0.9658 0.04305
0.67621 0.036524
0.75438 0.037098
0.67317 0.027944
0.69202 0.039106
0.96462 0.04288
0.68283 0.036741
0.94315 0.040756
0.68039 0.025
0.72877 0.036802
0.94952 0.042046
0.93178 0.03728
0.68306 0.023063
0.90679 0.039256
0.69459 0.031836
0.70881 0.039397
0.88573 0.038047
0.8604 0.040267
0.70276 0.033317
0.82878 0.041718
0.70579 0.0373
0.80226 0.0403
0.79382 0.039403
0.70663 0.024737
0.78312 0.038166
0.71318 0.026602
0.77807 0.038679
0.78319 0.038163
0.78131 0.038307
0.71732 0.022817
0.77654 0.038779
0.72701 0.033708
0.78802 0.03841
0.77706 0.038701
0.7821 0.037963
0.7302 0.032366
0.79809 0.039639
0.73801 0.022104
0.75392 0.035418
0.79469 0.039015
0.8086 0.038426
0.74716 0.021816
0.75881 0.036805
0.75093 0.032169
0.7632 0.037828
0.82362 0.04106
0.83334 0.037802
0.758 0.022668
0.76774 0.038387
0.76313 0.034235
0.77274 0.036476
0.8473 0.039836
0.85144 0.0391
0.76631 0.028618
0.78863 0.033232
0.77685 0.030223
0.79515 0.033789
0.85215 0.038383
0.86303 0.038773
0.77759 0.027501
0.80564 0.03128
0.79032 0.024238
0.87488 0.03687
0.86838 0.039411
0.88038 0.034209
0.8008 0.021782
0.82208 0.030449
0.81049 0.024527
0.90435 0.033542
0.82163 0.023539
0.85716 0.030914
0.84079 0.024011
0.8672 0.029982
0.91196 0.033677
0.8594 0.026063
0.93465 0.031664
0.86915 0.025607
0.94747 0.031165
0.93979 0.031482
0.94613 0.031409
0.88067 0.021437
0.90881 0.025091
0.90318 0.022265
0.96123 0.029897
0.95698 0.029683
0.96421 0.03001
0.93475 0.02244
0.9394 0.02372
0.97389 0.022342
0.97649 0.02492
0.9672 0.030339
