345
0.020799 0.026847
0.020304 0.040158
0.032616 0.026062
0.021624 0.040194
0.020904 0.040158
0.021983 0.040161
0.038879 0.022432
0.030369 0.034142
0.042381 0.029545
0.024402 0.040426
0.023189 0.040199
0.054368 0.022589
0.025265 0.040406
0.061562 0.023418
0.026169 0.040432
0.025684 0.040425
0.027062 0.040382
0.069436 0.022116
0.049411 0.035704
0.074171 0.033768
0.03637 0.039917
0.029949 0.039857
0.03381 0.039632
0.081386 0.027557
0.042197 0.040743
0.086189 0.023014
0.051821 0.042454
0.046117 0.041435
0.051977 0.04248
0.090848 0.030352
0.064908 0.04451
0.098383 0.02287
0.084032 0.041529
0.066189 0.044732
0.070258 0.046767
0.10381 0.025058
0.086674 0.043253
0.11212 0.022886
0.10176 0.03842
0.070037 0.047457
0.070259 0.048191
0.11536 0.030758
0.098878 0.041953
0.12138 0.025935
0.10037 0.043707
0.068931 0.049221
0.065079 0.051372
0.12776 0.029569
0.062706 0.052687
0.13562 0.023241
0.10748 0.044268
0.062867 0.052681
0.067903 0.052067
0.14402 0.026777
0.070392 0.051442
0.14749 0.02981
0.13141 0.040071
0.071265 0.051231
0.074991 0.050528
0.1547 0.027948
0.13359 0.043628
0.15108 0.036946
0.07849 0.051954
0.0759 0.050969
0.16567 0.026535
0.080143 0.052729
0.16836 0.033146
0.15085 0.045449
0.081234 0.053172
0.083982 0.054513
0.17352 0.030113
0.083799 0.055088
0.17361 0.034663
0.083435 0.055702
0.083532 0.05532
0.082952 0.055831
0.17957 0.028966
0.16707 0.049702
0.18597 0.028409
0.077284 0.055538
0.08059 0.056041
0.076453 0.055364
0.18518 0.034261
0.16817 0.056334
0.18317 0.042871
0.044405 0.056206
0.033959 0.052107
0.19269 0.034163
0.16315 0.058701
0.19287 0.036289
0.13363 0.056294
0.028776 0.055009
0.027635 0.058093
0.19377 0.040191
0.027548 0.059647
0.19695 0.038997
0.095827 0.062428
0.027969 0.062958
0.028848 0.068476
0.19992 0.038975
0.15892 0.060151
0.20848 0.028246
0.028952 0.079823
0.028497 0.072856
0.028975 0.080062
0.20068 0.043455
0.055887 0.064164
0.20056 0.045733
0.066661 0.063673
0.029288 0.080871
0.21008 0.037373
0.074317 0.061965
0.21519 0.026755
0.039976 0.066023
0.030122 0.08242
0.030278 0.082563
0.2154 0.034901
0.030509 0.082465
0.19888 0.051784
0.030598 0.08233
0.030506 0.08247
0.030583 0.082365
0.20728 0.04837
0.030891 0.081136
0.22453 0.024273
0.1016 0.062278
0.13966 0.059887
0.047804 0.071393
0.047501 0.072819
0.23078 0.025205
0.22523 0.039031
0.24063 0.021261
0.23703 0.027198
0.2293 0.042864
0.23782 0.033913
0.20331 0.055132
0.23682 0.04528
0.23387 0.047751
0.04672 0.068977
0.048143 0.071584
0.26366 0.034572
0.27356 0.035943
0.18276 0.059915
0.24395 0.051695
0.26648 0.039616
0.28214 0.040724
0.25432 0.047687
0.28683 0.040918
0.30051 0.040956
0.2921 0.021193
0.27948 0.022683
0.4359 0.020056
0.36542 0.020887
0.27227 0.024637
0.50613 0.020294
0.37413 0.021761
0.25039 0.036126
0.30635 0.030463
0.32063 0.030107
0.3487 0.024292
0.31716 0.035528
0.32491 0.036096
0.40355 0.02185
0.46313 0.021362
0.31782 0.040542
0.32887 0.043906
0.34417 0.027789
0.50666 0.021587
0.33873 0.032751
0.33552 0.04157
0.37989 0.024542
0.47124 0.02211
0.35153 0.029891
0.61964 0.020099
0.66442 0.02124
0.71356 0.020893
0.68322 0.026135
0.66702 0.022998
0.71775 0.02367
0.57573 0.021014
0.63415 0.023652
0.74416 0.027592
0.7125 0.02883
0.60375 0.021647
0.63489 0.025141
0.70881 0.030129
0.68085 0.042113
0.51492 0.021051
0.53881 0.020965
0.67066 0.04045
0.66509 0.033151
0.58188 0.022552
0.56457 0.022247
0.66835 0.046789
0.66453 0.047447
0.65148 0.029171
0.7621 0.02099
0.76503 0.024351
0.78228 0.022647
0.78609 0.030882
0.76837 0.029628
0.77742 0.034727
0.7659 0.037901
0.77082 0.041211
0.79458 0.045884
0.74866 0.031988
0.73401 0.031642
0.82915 0.052118
0.85027 0.061397
0.72071 0.033427
0.68849 0.040944
0.795 0.047238
0.74144 0.03868
0.68046 0.045105
0.69787 0.040009
0.72572 0.038935
0.78781 0.024738
0.80162 0.041036
0.79782 0.034014
0.81736 0.045725
0.79879 0.042845
0.92407 0.073792
0.85365 0.063669
0.83879 0.054716
0.77932 0.046256
0.74966 0.039618
0.79927 0.025397
0.95379 0.079478
0.80395 0.028858
0.95975 0.08789
0.95006 0.07857
0.96416 0.089685
0.82827 0.045573
0.87626 0.065084
0.82838 0.044525
0.92106 0.071532
0.97121 0.092423
0.97274 0.093014
0.80887 0.024936
0.97333 0.093222
0.83193 0.04288
0.97368 0.093243
0.97345 0.093248
0.97371 0.09322
0.81915 0.032213
0.91247 0.070021
0.82151 0.031023
0.97367 0.092735
0.97371 0.093024
0.82092 0.023789
0.97355 0.092473
0.83894 0.039968
0.87401 0.061503
0.97362 0.092622
0.97303 0.091776
0.84183 0.040066
0.88201 0.065832
0.83393 0.029128
0.86871 0.06186
0.97258 0.091206
0.8524 0.04538
0.96643 0.080462
0.84019 0.026762
0.87732 0.060108
0.96755 0.085825
0.96402 0.073863
0.84227 0.024449
0.95556 0.071341
0.85471 0.039155
0.87154 0.055193
0.94793 0.071633
0.93253 0.069088
0.86003 0.039768
0.92168 0.065877
0.86581 0.047387
0.91011 0.064052
0.90555 0.063372
0.85763 0.027033
0.90048 0.062471
0.86242 0.031012
0.89819 0.061481
0.90051 0.06249
0.89973 0.062036
0.86405 0.025066
0.89707 0.060976
0.87435 0.048838
0.90271 0.060177
0.89755 0.060719
0.90021 0.060389
0.87515 0.046792
0.9083 0.059901
0.87459 0.024438
0.88189 0.052192
0.90628 0.059933
0.91324 0.060132
0.87825 0.023899
0.88328 0.051618
0.8812 0.045799
0.88529 0.049839
0.91974 0.060447
0.92364 0.061143
0.88369 0.024267
0.88913 0.048174
0.88654 0.040588
0.89559 0.046897
0.92914 0.061565
0.93161 0.060883
0.8907 0.031853
0.90371 0.046305
0.89822 0.038689
0.9071 0.046094
0.93226 0.05907
0.9367 0.059331
0.89813 0.033902
0.91234 0.042428
0.90403 0.028057
0.94407 0.059374
0.93959 0.059327
0.94682 0.059222
0.90997 0.023263
0.92002 0.039644
0.915 0.029484
0.95454 0.057083
0.92017 0.0267
0.93586 0.042983
0.92914 0.029837
0.94126 0.040366
0.95726 0.056153
0.9374 0.032865
0.9649 0.055389
0.94229 0.031926
0.96941 0.053796
0.96669 0.054014
0.9689 0.053712
0.94714 0.024065
0.95682 0.033787
0.95471 0.026167
0.97361 0.052651
0.97251 0.053044
0.9745 0.052524
0.9658 0.027451
0.96733 0.031139
0.97802 0.027206
0.97886 0.035184
0.97563 0.052561
