345
0.02101 0.025509
0.022546 0.0425
0.03568 0.024839
0.033802 0.0425
0.027583 0.0425
0.036684 0.0425
0.043491 0.021885
0.047464 0.032078
0.053274 0.027305
0.058162 0.0425
0.04695 0.0425
0.064521 0.021861
0.063832 0.0425
0.074422 0.022359
0.071007 0.0425
0.067188 0.0425
0.076471 0.0425
0.085477 0.021312
0.084026 0.032864
0.098499 0.027876
0.098713 0.0425
0.085672 0.0425
0.094989 0.0425
0.10773 0.024113
0.10442 0.0425
0.11688 0.021731
0.11165 0.0425
0.10778 0.0425
0.11176 0.0425
0.12466 0.026139
0.12139 0.0425
0.13694 0.0218
0.13621 0.032597
0.12287 0.0425
0.13815 0.0425
0.14564 0.023264
0.14731 0.034097
0.15805 0.021956
0.15874 0.031462
0.14434 0.0425
0.15354 0.0425
0.16405 0.027365
0.16255 0.033222
0.17159 0.024076
0.17364 0.034496
0.16156 0.0425
0.1773 0.0425
0.18126 0.026315
0.1875 0.0425
0.19294 0.022034
0.19127 0.034573
0.18789 0.0425
0.19681 0.042501
0.20664 0.02399
0.20252 0.042501
0.21347 0.025705
0.21402 0.032568
0.20472 0.042501
0.21545 0.042501
0.22557 0.024265
0.22799 0.03499
0.23254 0.028965
0.23625 0.042502
0.22542 0.042501
0.24742 0.023015
0.24429 0.042502
0.25755 0.025687
0.25234 0.033815
0.24737 0.042503
0.2556 0.042503
0.26557 0.024115
0.26378 0.042504
0.27186 0.025748
0.27266 0.042506
0.26793 0.042505
0.27586 0.042506
0.2814 0.02344
0.28285 0.031724
0.29884 0.023022
0.29159 0.04251
0.28449 0.042508
0.29274 0.04251
0.30427 0.024866
0.30586 0.032269
0.31387 0.027389
0.3115 0.042518
0.31761 0.042523
0.32755 0.024268
0.3212 0.03309
0.33233 0.024714
0.33476 0.033845
0.32708 0.042529
0.33784 0.042542
0.34463 0.025524
0.34123 0.042546
0.35356 0.024885
0.35573 0.033789
0.34784 0.042555
0.35682 0.042575
0.36484 0.024505
0.36228 0.031069
0.37691 0.021757
0.3768 0.042636
0.3621 0.042587
0.37787 0.042641
0.38159 0.025096
0.38871 0.034031
0.39378 0.025264
0.39226 0.033348
0.38318 0.042664
0.40411 0.023151
0.40099 0.032731
0.41148 0.021157
0.41249 0.034775
0.40836 0.042838
0.41565 0.042925
0.42575 0.022569
0.42722 0.043078
0.43712 0.027642
0.43187 0.043151
0.42704 0.043075
0.43106 0.043136
0.44008 0.027373
0.44004 0.043302
0.45438 0.021952
0.45227 0.043502
0.45343 0.043512
0.45766 0.081063
0.45686 0.085937
0.46396 0.025008
0.45921 0.032353
0.47082 0.022479
0.46893 0.031481
0.46518 0.043617
0.46999 0.043172
0.46257 0.070456
0.46749 0.067887
0.46651 0.06814
0.45798 0.079571
0.45666 0.088029
0.47478 0.076912
0.47462 0.091163
0.45774 0.10332
0.46078 0.11199
0.4713 0.096358
0.47258 0.11307
0.46268 0.11558
0.47343 0.11618
0.47492 0.1289
0.48448 0.026835
0.48207 0.033293
0.49626 0.022607
0.49405 0.039517
0.48042 0.040792
0.49834 0.039573
0.49424 0.063215
0.47263 0.066491
0.48412 0.074972
0.48838 0.068103
0.49244 0.076392
0.48569 0.082606
0.48715 0.091588
0.49522 0.081921
0.49686 0.090671
0.4826 0.10098
0.48443 0.10916
0.49049 0.10268
0.49792 0.1099
0.48844 0.11854
0.48548 0.13438
0.49206 0.1222
0.49571 0.12558
0.48886 0.13543
0.50394 0.022725
0.50911 0.029792
0.52031 0.025065
0.51435 0.040202
0.50965 0.039723
0.52111 0.041281
0.50377 0.063455
0.50656 0.076997
0.52674 0.066418
0.52185 0.072107
0.50518 0.081007
0.50716 0.094341
0.52201 0.079109
0.51937 0.093445
0.50169 0.098055
0.50284 0.10728
0.51581 0.10238
0.51321 0.10942
0.50474 0.1185
0.50354 0.13672
0.51846 0.11681
0.51866 0.13268
0.51277 0.13497
0.52891 0.023415
0.52974 0.03301
0.53829 0.023544
0.54098 0.031768
0.53084 0.043416
0.53542 0.043609
0.53298 0.067934
0.53506 0.068635
0.53935 0.072663
0.53097 0.081915
0.52919 0.088463
0.54099 0.076039
0.54352 0.090459
0.5278 0.09583
0.52353 0.10694
0.54316 0.098492
0.5384 0.11367
0.52427 0.11582
0.52866 0.12606
0.535 0.1191
0.54318 0.024398
0.5485 0.034901
0.55269 0.02737
0.5573 0.032265
0.54301 0.043531
0.55788 0.043323
0.54194 0.079068
0.54356 0.092394
0.54281 0.10074
0.53964 0.1111
0.566 0.021638
0.56426 0.043205
0.57876 0.022278
0.57355 0.043053
0.56288 0.043231
0.57732 0.043004
0.58353 0.027429
0.58165 0.03295
0.5927 0.026799
0.59239 0.034903
0.58783 0.04287
0.59628 0.042793
0.60486 0.021223
0.60455 0.042731
0.61729 0.02643
0.61582 0.042664
0.60711 0.042711
0.61799 0.042655
0.62339 0.023252
0.62171 0.033217
0.6361 0.023168
0.63842 0.042584
0.62586 0.042621
0.6484 0.021232
0.64515 0.042568
0.65638 0.026906
0.65445 0.032798
0.64141 0.042577
0.65898 0.042545
0.66527 0.027088
0.66338 0.034694
0.67748 0.023468
0.6742 0.032398
0.66709 0.042534
0.68333 0.028656
0.68868 0.042518
0.69879 0.022751
0.69208 0.034925
0.68429 0.042521
0.69506 0.042515
0.70394 0.02182
0.70146 0.042512
0.71165 0.026627
0.71846 0.033244
0.70637 0.04251
0.71667 0.042508
0.72849 0.026467
0.72206 0.042507
0.73145 0.028964
0.7317 0.042505
0.73716 0.042504
0.74235 0.022462
0.74686 0.042503
0.75755 0.023637
0.75817 0.042502
0.74665 0.042503
0.75191 0.042503
0.76288 0.021682
0.76424 0.042502
0.77334 0.028527
0.77626 0.042501
0.7676 0.042502
0.77227 0.042501
0.78346 0.028004
0.78658 0.042501
0.79418 0.021503
0.79634 0.033974
0.78292 0.042501
0.79364 0.042501
0.80546 0.021299
0.80224 0.033725
0.81145 0.028443
0.81278 0.03239
0.80599 0.042501
0.81138 0.042501
0.82227 0.021444
0.8236 0.031756
0.83252 0.027221
0.83595 0.03185
0.82617 0.0425
0.83687 0.0425
0.84325 0.024315
0.84703 0.032811
0.85677 0.027712
0.85223 0.033227
0.84886 0.0425
0.85748 0.0425
0.86178 0.025785
0.86892 0.031765
0.87558 0.023792
0.872 0.0425
0.86341 0.0425
0.8766 0.0425
0.88724 0.02173
0.88563 0.031492
0.89631 0.025334
0.89763 0.0425
0.905 0.024025
0.90154 0.034869
0.91835 0.026215
0.9155 0.03362
0.90562 0.0425
0.92443 0.028545
0.92103 0.0425
0.93307 0.028309
0.93597 0.0425
0.92804 0.0425
0.93468 0.0425
0.94692 0.023164
0.94846 0.032067
0.95584 0.025491
0.95343 0.0425
0.94782 0.0425
0.95755 0.0425
0.96582 0.027759
0.96423 0.031639
0.97804 0.027636
0.97825 0.034777
0.96235 0.0425
