345
0.023581 0.021528
0.021381 0.024497
0.079032 0.021258
0.027386 0.024505
0.024114 0.024497
0.029019 0.024498
0.10524 0.020762
0.066671 0.022918
0.11505 0.023364
0.040017 0.024559
0.034503 0.024495
0.14262 0.021361
0.043988 0.024538
0.15754 0.021484
0.048234 0.024455
0.045951 0.0245
0.052411 0.024371
0.17542 0.021159
0.13423 0.027175
0.18235 0.029848
0.097992 0.025299
0.065051 0.024104
0.086452 0.024209
0.19178 0.02646
0.11572 0.027359
0.1969 0.022847
0.13906 0.031544
0.1262 0.028639
0.13932 0.031622
0.20153 0.030551
0.16384 0.030947
0.20874 0.023553
0.18941 0.038718
0.16635 0.03126
0.17224 0.03441
0.21265 0.027511
0.19113 0.04071
0.21747 0.024513
0.2054 0.045347
0.17166 0.034645
0.17172 0.035188
0.21801 0.035906
0.20152 0.045942
0.22387 0.027521
0.20117 0.049189
0.16939 0.034849
0.16185 0.034896
0.22963 0.031168
0.15673 0.03571
0.23602 0.024556
0.20109 0.05668
0.15701 0.035705
0.1669 0.035846
0.24136 0.029418
0.17075 0.037051
0.24342 0.032403
0.22267 0.045339
0.17202 0.037528
0.17657 0.040068
0.25078 0.027006
0.22014 0.04939
0.24209 0.039717
0.17902 0.043703
0.17724 0.041051
0.26541 0.025224
0.17995 0.045445
0.2683 0.031501
0.23346 0.04845
0.1805 0.046391
0.18185 0.047971
0.27371 0.030303
0.18144 0.048327
0.27229 0.035363
0.1809 0.048684
0.18114 0.048446
0.1805 0.048653
0.27916 0.02936
0.26262 0.044585
0.28604 0.02745
0.17648 0.044592
0.17878 0.047415
0.17592 0.04384
0.28302 0.03316
0.26317 0.051159
0.27755 0.042741
0.12042 0.033602
0.088107 0.026986
0.29191 0.03181
0.25757 0.046747
0.29113 0.033814
0.20608 0.058485
0.059637 0.027188
0.055101 0.027912
0.28986 0.03791
0.054855 0.02823
0.29425 0.035252
0.19002 0.054808
0.056952 0.028824
0.060932 0.029598
0.29958 0.032845
0.24878 0.045476
0.31949 0.024322
0.061481 0.030832
0.059497 0.030191
0.061574 0.030849
0.29893 0.035368
0.14275 0.044296
0.29803 0.03666
0.16041 0.04202
0.062955 0.030922
0.32151 0.029316
0.17177 0.044681
0.33206 0.023817
0.10914 0.035272
0.066842 0.031084
0.067687 0.031115
0.32976 0.028713
0.069001 0.031145
0.29587 0.039316
0.069538 0.031149
0.068985 0.031145
0.069446 0.031149
0.3154 0.033531
0.071506 0.03112
0.34703 0.022504
0.19621 0.05907
0.21293 0.056148
0.12674 0.04034
0.12535 0.040009
0.35821 0.022806
0.33911 0.031481
0.37757 0.020794
0.37055 0.0241
0.34174 0.033295
0.36613 0.028123
0.31109 0.03496
0.35171 0.035271
0.34645 0.035263
0.1247 0.038874
0.12754 0.040734
0.37841 0.034938
0.36998 0.037585
0.27605 0.050522
0.33584 0.040865
0.35532 0.040314
0.31668 0.042457
0.34259 0.041489
0.30144 0.044874
0.29525 0.046888
0.41006 0.021568
0.40778 0.023349
0.42006 0.020213
0.41626 0.022807
0.40541 0.025788
0.42782 0.021268
0.41718 0.026008
0.37148 0.033659
0.40282 0.034268
0.40574 0.035048
0.41498 0.030855
0.35234 0.042345
0.36638 0.041289
0.41888 0.027614
0.42247 0.024062
0.30156 0.04514
0.37528 0.04102
0.41467 0.037018
0.42795 0.02678
0.41099 0.041654
0.39151 0.041974
0.42106 0.036584
0.42488 0.027767
0.40302 0.042275
0.44202 0.020676
0.45727 0.021916
0.49022 0.021301
0.471 0.028771
0.45915 0.024626
0.49333 0.024927
0.43709 0.025053
0.44434 0.039249
0.52437 0.027193
0.49771 0.03204
0.44081 0.032419
0.4445 0.043032
0.49711 0.034053
0.48855 0.041949
0.43001 0.024853
0.43259 0.025572
0.47687 0.043351
0.46296 0.038924
0.43911 0.035665
0.43537 0.031104
0.46488 0.044486
0.44096 0.046042
0.45027 0.03932
0.53698 0.020911
0.53998 0.023912
0.56317 0.021517
0.57078 0.02545
0.5502 0.028168
0.56204 0.03078
0.55916 0.037038
0.56624 0.03876
0.5877 0.031439
0.53449 0.031659
0.51861 0.031215
0.60245 0.039808
0.60799 0.040094
0.50992 0.036149
0.49374 0.040825
0.58853 0.032174
0.53903 0.037607
0.48933 0.04233
0.50148 0.040613
0.52198 0.038373
0.57373 0.022213
0.60321 0.029365
0.59734 0.025901
0.62007 0.039611
0.59696 0.029883
0.80417 0.040976
0.61385 0.041782
0.60366 0.039954
0.57378 0.039027
0.54931 0.037826
0.60212 0.022328
0.86158 0.039237
0.61273 0.024848
0.88927 0.036478
0.8525 0.040009
0.91078 0.036507
0.62743 0.042238
0.68521 0.041083
0.63049 0.042229
0.79284 0.039625
0.93954 0.034232
0.94732 0.033914
0.62065 0.023427
0.9503 0.033822
0.63903 0.043042
0.95189 0.033751
0.9509 0.033797
0.95199 0.033743
0.63165 0.03123
0.76594 0.040403
0.63486 0.031074
0.95168 0.033692
0.95193 0.033723
0.63539 0.023814
0.95106 0.03368
0.64585 0.043993
0.6793 0.041203
0.95146 0.033685
0.94825 0.033695
0.64761 0.044261
0.71395 0.042342
0.64566 0.031606
0.65844 0.043469
0.94587 0.033659
0.65197 0.044158
0.91415 0.034606
0.65069 0.027258
0.69391 0.038691
0.92124 0.035902
0.90065 0.032552
0.65253 0.024389
0.86664 0.035265
0.6608 0.033826
0.67775 0.040597
0.84608 0.037404
0.82667 0.044607
0.66932 0.033851
0.79293 0.038215
0.67403 0.038044
0.76171 0.03924
0.75209 0.038413
0.67313 0.025055
0.73941 0.037705
0.67868 0.027425
0.73422 0.038898
0.7395 0.037693
0.73747 0.038059
0.68205 0.023287
0.73229 0.039474
0.69154 0.03519
0.74516 0.037291
0.73295 0.039206
0.73831 0.037612
0.69434 0.033796
0.7578 0.038624
0.70079 0.022427
0.71352 0.039525
0.75319 0.037952
0.76742 0.038212
0.70818 0.022299
0.7163 0.04078
0.71151 0.03552
0.7195 0.041381
0.7851 0.03729
0.79728 0.036257
0.7162 0.023304
0.72347 0.040592
0.71995 0.036925
0.72825 0.03781
0.81234 0.037407
0.81801 0.038341
0.72352 0.029692
0.74532 0.032375
0.73321 0.030659
0.75279 0.032897
0.8187 0.037912
0.82773 0.042068
0.73403 0.027754
0.76352 0.030828
0.74679 0.023923
0.83534 0.038004
0.83072 0.043419
0.84118 0.033952
0.75857 0.021664
0.78053 0.028779
0.76847 0.024498
0.86536 0.031268
0.77988 0.022983
0.8216 0.031522
0.80258 0.023727
0.82908 0.031862
0.87563 0.029999
0.82322 0.026659
0.90734 0.028399
0.83056 0.026604
0.9258 0.027622
0.91497 0.028167
0.92388 0.027809
0.84165 0.021413
0.87263 0.02386
0.8652 0.02191
0.94639 0.026175
0.94056 0.026356
0.95114 0.026091
0.90818 0.021764
0.91493 0.022656
0.96901 0.021298
0.97368 0.022733
0.95676 0.026018
