345
0.021009 0.025515
0.022544 0.042526
0.035661 0.024845
0.033788 0.042527
0.027575 0.042526
0.036667 0.042528
0.043462 0.021887
0.047431 0.032094
0.053232 0.027316
0.058116 0.042538
0.04692 0.04253
0.06446 0.021865
0.063777 0.042543
0.074339 0.022365
0.070937 0.042551
0.067126 0.042547
0.076391 0.042559
0.085362 0.021316
0.083918 0.032905
0.098338 0.027912
0.098564 0.042602
0.085566 0.042573
0.094852 0.042592
0.10752 0.024136
0.10424 0.042617
0.11661 0.021744
0.11144 0.042638
0.10758 0.042626
0.11154 0.042638
0.12433 0.026191
0.12112 0.042675
0.1365 0.02182
0.13578 0.032737
0.1226 0.042681
0.13774 0.04276
0.14509 0.023309
0.14675 0.034301
0.15731 0.021993
0.158 0.031678
0.14386 0.0428
0.15293 0.04287
0.16319 0.027519
0.16175 0.033492
0.17056 0.024178
0.17258 0.034887
0.16083 0.042949
0.17619 0.043188
0.17998 0.026536
0.18606 0.043413
0.19116 0.022131
0.18962 0.035239
0.18644 0.043422
0.19503 0.043635
0.20416 0.024237
0.20049 0.043776
0.21056 0.026115
0.21113 0.033487
0.20257 0.04383
0.21266 0.044207
0.22174 0.024689
0.22404 0.036568
0.228 0.030014
0.23163 0.045439
0.22189 0.044724
0.24104 0.02355
0.23878 0.046152
0.24946 0.027004
0.24529 0.036573
0.2414 0.046424
0.24837 0.047307
0.25595 0.025312
0.25525 0.048548
0.26064 0.027694
0.26224 0.049941
0.25856 0.049177
0.26473 0.05056
0.26758 0.024929
0.26899 0.037005
0.27902 0.024969
0.27617 0.054675
0.27131 0.052679
0.27689 0.055036
0.28225 0.028444
0.28392 0.041737
0.28764 0.034129
0.28611 0.062933
0.28809 0.065731
0.29418 0.029581
0.29211 0.047586
0.29624 0.03116
0.29778 0.054254
0.29027 0.070312
0.29201 0.075158
0.30113 0.03508
0.29235 0.076833
0.30421 0.034635
0.30363 0.062691
0.29296 0.079942
0.29335 0.084093
0.30775 0.035298
0.3071 0.056754
0.31099 0.026793
0.2921 0.094075
0.29319 0.086815
0.29203 0.094597
0.31238 0.040653
0.30781 0.078177
0.31529 0.043595
0.3094 0.077058
0.29156 0.097148
0.31724 0.035328
0.31134 0.077926
0.31862 0.025942
0.30628 0.089858
0.28992 0.1069
0.28998 0.10879
0.32127 0.033339
0.29142 0.11005
0.32379 0.053898
0.29222 0.10985
0.29139 0.11005
0.29203 0.10996
0.32448 0.049924
0.296 0.1064
0.32882 0.024059
0.3207 0.082188
0.32323 0.078447
0.3111 0.099223
0.31004 0.10057
0.3352 0.025199
0.33141 0.039019
0.34484 0.021353
0.34142 0.027579
0.33546 0.044619
0.34218 0.03474
0.33422 0.069282
0.34167 0.04943
0.34014 0.052381
0.31233 0.098077
0.3114 0.099727
0.36511 0.034501
0.37481 0.03553
0.33557 0.077145
0.34805 0.060505
0.36677 0.039432
0.38191 0.039762
0.35407 0.054883
0.38664 0.039581
0.39829 0.04096
0.39576 0.021131
0.38238 0.022599
0.47612 0.020405
0.46207 0.022815
0.37514 0.024554
0.48947 0.023116
0.46462 0.026578
0.3522 0.037423
0.41032 0.028523
0.4313 0.027439
0.45547 0.028667
0.42237 0.030295
0.43311 0.031923
0.4711 0.030306
0.48119 0.032393
0.41699 0.033989
0.4283 0.036218
0.45316 0.033785
0.48956 0.036615
0.44925 0.037189
0.44233 0.041121
0.46612 0.038614
0.48198 0.040097
0.4568 0.041364
0.52479 0.02044
0.55634 0.021557
0.62114 0.02109
0.58774 0.023369
0.55879 0.023132
0.62443 0.024722
0.51764 0.027006
0.52937 0.029835
0.64248 0.033416
0.62048 0.030692
0.52181 0.030306
0.5298 0.033384
0.61774 0.031992
0.5967 0.032692
0.50534 0.033775
0.51081 0.035821
0.57377 0.033064
0.55781 0.034594
0.51864 0.038811
0.51251 0.043187
0.58022 0.036454
0.57454 0.040103
0.54925 0.040689
0.65249 0.021463
0.6546 0.026131
0.66724 0.02365
0.66955 0.035068
0.65761 0.032947
0.66451 0.040859
0.65729 0.045667
0.66088 0.051277
0.66801 0.06927
0.64649 0.041093
0.63782 0.038513
0.67197 0.080061
0.67384 0.086433
0.62856 0.038015
0.60589 0.037149
0.66603 0.074471
0.64576 0.053534
0.60311 0.039074
0.61304 0.044005
0.63514 0.0486
0.67111 0.026513
0.67449 0.052039
0.6759 0.039069
0.67833 0.058851
0.67196 0.057464
0.68749 0.097363
0.67488 0.086074
0.67221 0.083916
0.66357 0.070848
0.6498 0.056172
0.67973 0.0267
0.69255 0.10513
0.6825 0.030592
0.69634 0.10779
0.69163 0.10397
0.69773 0.10793
0.68412 0.054979
0.68686 0.077053
0.68578 0.052129
0.69193 0.084673
0.70117 0.10618
0.70357 0.10441
0.68798 0.025515
0.70545 0.10229
0.69082 0.046967
0.70722 0.0991
0.70591 0.10156
0.70749 0.098346
0.69229 0.032837
0.69691 0.073393
0.69561 0.031063
0.70921 0.08924
0.70813 0.094873
0.69942 0.023679
0.70947 0.085244
0.70206 0.038649
0.70146 0.056295
0.70936 0.087504
0.71039 0.077717
0.7056 0.037293
0.70487 0.057406
0.71101 0.027624
0.70861 0.048184
0.71131 0.073772
0.71346 0.038058
0.71654 0.064645
0.72164 0.024964
0.71696 0.048932
0.71504 0.066496
0.71916 0.062043
0.7246 0.023109
0.72226 0.05933
0.7293 0.030454
0.73335 0.039594
0.72498 0.057379
0.73138 0.053836
0.74098 0.028821
0.73514 0.052187
0.74309 0.032048
0.74213 0.050132
0.74638 0.049273
0.75155 0.023136
0.75444 0.047834
0.7638 0.024324
0.76394 0.046552
0.75427 0.047861
0.75864 0.047244
0.76844 0.021952
0.76934 0.045874
0.77766 0.02955
0.78005 0.044987
0.77233 0.045532
0.77649 0.04522
0.78681 0.028748
0.78957 0.044385
0.79674 0.021607
0.79872 0.034892
0.78617 0.044598
0.79614 0.044071
0.80741 0.021363
0.80429 0.034485
0.81314 0.028792
0.8144 0.032888
0.80783 0.043596
0.813 0.043431
0.82357 0.02149
0.82485 0.032119
0.83356 0.027397
0.83689 0.032119
0.8273 0.043145
0.83772 0.043002
0.84405 0.024398
0.84776 0.033037
0.85736 0.027824
0.85287 0.033435
0.8495 0.042873
0.858 0.042817
0.8623 0.025861
0.86935 0.031898
0.87594 0.023828
0.87237 0.042731
0.86386 0.042781
0.87692 0.042707
0.88751 0.021741
0.88591 0.031575
0.89653 0.025363
0.89782 0.042619
0.90517 0.024043
0.90172 0.034942
0.91847 0.026237
0.91562 0.03367
0.90578 0.0426
0.92453 0.028571
0.92112 0.042572
0.93315 0.02833
0.93604 0.042552
0.92812 0.04256
0.93475 0.042553
0.94697 0.02317
0.94851 0.032089
0.95587 0.0255
0.95347 0.042537
0.94787 0.04254
0.95757 0.042535
0.96584 0.02777
0.96425 0.031656
0.97805 0.027646
0.97826 0.034797
0.96237 0.042533
