345
0.021726 0.02317
0.020668 0.029332
0.049654 0.022218
0.023572 0.029349
0.021989 0.029332
0.024361 0.029334
0.066854 0.020983
0.043095 0.025535
0.074871 0.024226
0.029686 0.029456
0.027014 0.029351
0.098448 0.02153
0.031585 0.029288
0.10984 0.022251
0.033576 0.029018
0.032508 0.029164
0.03554 0.02874
0.1212 0.02154
0.090267 0.028354
0.12685 0.03051
0.061244 0.027564
0.042212 0.02784
0.053859 0.026999
0.13664 0.026105
0.075425 0.029229
0.14249 0.022519
0.095106 0.032805
0.084071 0.030514
0.095374 0.032865
0.14772 0.028944
0.11355 0.037258
0.15651 0.022629
0.13594 0.037793
0.11506 0.037757
0.11924 0.040518
0.16231 0.024845
0.13839 0.039408
0.17071 0.022931
0.15804 0.037191
0.11884 0.041098
0.11891 0.041815
0.17352 0.031149
0.1538 0.039625
0.17957 0.026356
0.15516 0.041203
0.11728 0.042454
0.11269 0.043308
0.1853 0.030411
0.10987 0.043635
0.1925 0.023571
0.16333 0.043092
0.11005 0.043689
0.11563 0.044773
0.20014 0.027368
0.11831 0.044813
0.20331 0.030587
0.18711 0.041572
0.11923 0.044783
0.12303 0.044752
0.21004 0.028395
0.18863 0.045296
0.20637 0.03815
0.12599 0.046571
0.12381 0.045301
0.22066 0.026648
0.12735 0.047441
0.22334 0.033256
0.20588 0.046827
0.12832 0.047908
0.13076 0.049098
0.22846 0.030003
0.13033 0.049634
0.22866 0.034499
0.1297 0.050219
0.12995 0.049861
0.12912 0.050367
0.23464 0.02874
0.22224 0.049636
0.24133 0.028219
0.12356 0.049715
0.12653 0.050536
0.12287 0.049424
0.24084 0.033922
0.22474 0.055815
0.23928 0.042018
0.081429 0.03699
0.054675 0.031383
0.24868 0.034066
0.22013 0.058648
0.24913 0.036188
0.18431 0.055664
0.039063 0.03402
0.036612 0.035684
0.25062 0.04005
0.036447 0.03633
0.25377 0.039062
0.14384 0.053577
0.037412 0.037393
0.039448 0.038714
0.25683 0.03916
0.21628 0.059982
0.26381 0.028306
0.039618 0.042206
0.038589 0.04024
0.039672 0.04227
0.25845 0.043467
0.10047 0.049348
0.25875 0.045614
0.11232 0.054566
0.040575 0.042352
0.26645 0.037505
0.11942 0.054503
0.27041 0.026612
0.071632 0.039403
0.043325 0.042375
0.043838 0.042337
0.27103 0.0346
0.04461 0.04218
0.25894 0.051241
0.044915 0.042086
0.044601 0.042183
0.044864 0.042106
0.26569 0.048312
0.045952 0.04153
0.2803 0.023738
0.15491 0.054022
0.18961 0.057508
0.087051 0.046626
0.08619 0.04706
0.28787 0.024079
0.28101 0.036473
0.30157 0.020831
0.29636 0.025074
0.28557 0.038343
0.29751 0.029661
0.26414 0.054982
0.2953 0.037666
0.29109 0.040394
0.085464 0.044525
0.087627 0.047032
0.33691 0.034076
0.34502 0.037676
0.24305 0.056621
0.30719 0.038694
0.34065 0.039981
0.35125 0.0414
0.32985 0.039106
0.3566 0.040859
0.37307 0.041272
0.36227 0.021175
0.34936 0.022905
0.45933 0.020046
0.42936 0.021028
0.34337 0.025102
0.50314 0.020243
0.43721 0.021836
0.31892 0.03038
0.37608 0.031094
0.38989 0.029428
0.41661 0.025798
0.38673 0.035246
0.39611 0.035099
0.45093 0.021822
0.47441 0.020774
0.38801 0.040056
0.4049 0.04208
0.41325 0.029968
0.50382 0.021302
0.41061 0.034817
0.41233 0.043159
0.44078 0.024578
0.48751 0.021458
0.41896 0.033322
0.57677 0.020171
0.61085 0.021162
0.65107 0.021259
0.62867 0.026991
0.61378 0.022918
0.65419 0.024906
0.55337 0.020934
0.58424 0.026541
0.67824 0.027985
0.64958 0.032625
0.56744 0.02259
0.58462 0.029122
0.64648 0.034744
0.62191 0.043422
0.51438 0.020944
0.52787 0.021034
0.61263 0.039065
0.6093 0.031867
0.55984 0.022965
0.54082 0.022061
0.60281 0.039064
0.59003 0.042458
0.5958 0.029981
0.69401 0.021225
0.69625 0.02548
0.71036 0.022843
0.71409 0.03108
0.69881 0.032137
0.70533 0.037053
0.69649 0.042697
0.69952 0.046013
0.72212 0.044948
0.68254 0.033053
0.66764 0.032464
0.72886 0.063293
0.73159 0.063794
0.65383 0.037544
0.62961 0.044467
0.72247 0.046372
0.67446 0.03934
0.62091 0.044708
0.63526 0.04544
0.65581 0.041627
0.71588 0.024723
0.72926 0.040621
0.72617 0.033432
0.73745 0.051291
0.72643 0.042219
0.85921 0.05479
0.73395 0.062984
0.72946 0.063965
0.70556 0.04786
0.68355 0.041059
0.72797 0.025186
0.90453 0.049067
0.73286 0.028722
0.92188 0.046687
0.89716 0.052011
0.93402 0.044883
0.74223 0.052856
0.78393 0.057264
0.74469 0.051201
0.85384 0.054355
0.9536 0.042415
0.95819 0.041973
0.73779 0.025054
0.95997 0.041828
0.75009 0.049324
0.96103 0.041717
0.96035 0.041794
0.96111 0.041701
0.74604 0.034033
0.84041 0.056967
0.74838 0.033012
0.96089 0.041557
0.96106 0.041638
0.74891 0.024446
0.96049 0.041511
0.75753 0.045847
0.78074 0.056574
0.96075 0.041534
0.95881 0.041465
0.75969 0.045913
0.79578 0.056441
0.7586 0.031926
0.77026 0.060699
0.95735 0.041453
0.76526 0.051182
0.93632 0.041098
0.7638 0.028828
0.7883 0.05426
0.94146 0.042172
0.92804 0.039962
0.76537 0.025753
0.90725 0.04383
0.77058 0.042552
0.77971 0.053714
0.8933 0.049361
0.87226 0.051601
0.77531 0.04186
0.85429 0.050715
0.77772 0.04811
0.83713 0.053773
0.83156 0.054248
0.77798 0.027793
0.82529 0.053998
0.78167 0.031669
0.82203 0.053362
0.82534 0.05401
0.82424 0.05372
0.78409 0.025251
0.82035 0.05301
0.78808 0.046625
0.82771 0.0522
0.82099 0.052832
0.82458 0.052524
0.78994 0.044762
0.83451 0.051223
0.79471 0.024294
0.79776 0.047873
0.83202 0.051619
0.8409 0.049987
0.79853 0.023695
0.79977 0.047251
0.79799 0.043058
0.80264 0.045651
0.85055 0.047898
0.85686 0.047075
0.80433 0.023928
0.80794 0.043969
0.80574 0.038503
0.81679 0.042561
0.86563 0.046393
0.86917 0.045717
0.81187 0.030569
0.82736 0.041585
0.8205 0.036166
0.83163 0.041048
0.86976 0.04452
0.87618 0.044364
0.82048 0.03202
0.83824 0.037541
0.82746 0.026744
0.88677 0.043119
0.88027 0.044044
0.89111 0.042114
0.83469 0.022614
0.84841 0.034146
0.84112 0.027238
0.90609 0.037415
0.84802 0.024815
0.87301 0.034068
0.86129 0.026299
0.88131 0.032104
0.91247 0.035755
0.87461 0.027763
0.93221 0.032672
0.88279 0.027006
0.94518 0.030935
0.93724 0.03171
0.94366 0.031038
0.89125 0.022269
0.91027 0.026231
0.90576 0.022951
0.95847 0.029659
0.95484 0.029972
0.96144 0.029497
0.93272 0.022645
0.93723 0.023809
0.97305 0.022051
0.976 0.024322
0.96527 0.029389
