345
0.021353 0.024043
0.020601 0.031849
0.039632 0.023467
0.023216 0.031867
0.02179 0.031849
0.023926 0.031851
0.052726 0.021194
0.037229 0.028377
0.06061 0.024263
0.02888 0.032912
0.02636 0.032235
0.088153 0.021066
0.030512 0.032751
0.10942 0.021076
0.032061 0.032369
0.031245 0.032574
0.033491 0.03208
0.13344 0.020839
0.082881 0.026741
0.14318 0.027341
0.056252 0.029243
0.038179 0.03118
0.048582 0.02924
0.15504 0.025548
0.070769 0.029076
0.1608 0.022493
0.092245 0.030463
0.079348 0.029033
0.092495 0.030495
0.16615 0.028317
0.11836 0.028334
0.17623 0.022478
0.15283 0.035702
0.12146 0.028477
0.12902 0.030575
0.18178 0.025074
0.15514 0.037926
0.18893 0.023166
0.17224 0.037937
0.12831 0.030784
0.12843 0.031199
0.18977 0.031215
0.16723 0.040252
0.19764 0.025617
0.16721 0.04296
0.12559 0.031072
0.11732 0.031669
0.20529 0.028629
0.11208 0.032205
0.21336 0.023483
0.16866 0.048156
0.11239 0.032208
0.12302 0.032151
0.22043 0.027099
0.12742 0.032716
0.22326 0.029319
0.19562 0.038819
0.12901 0.033004
0.13518 0.034704
0.2329 0.025166
0.19253 0.04146
0.22111 0.034986
0.13902 0.03752
0.13619 0.035441
0.25365 0.024132
0.14051 0.038755
0.25739 0.029522
0.20885 0.041814
0.14139 0.039456
0.14354 0.04089
0.26344 0.029184
0.14293 0.041008
0.26161 0.033372
0.14213 0.041065
0.14248 0.041
0.14152 0.040925
0.26954 0.029347
0.24974 0.037878
0.2761 0.027477
0.13524 0.037986
0.13878 0.039827
0.13443 0.037543
0.27384 0.033292
0.25017 0.042299
0.26686 0.040797
0.086568 0.036786
0.052821 0.033885
0.28191 0.031539
0.24288 0.038782
0.28108 0.033682
0.17523 0.046999
0.038686 0.037406
0.037257 0.038602
0.27981 0.038202
0.037705 0.038887
0.28476 0.03423
0.15617 0.049224
0.040132 0.038962
0.043616 0.038758
0.29034 0.03143
0.22992 0.039306
0.31078 0.024668
0.044651 0.039155
0.043069 0.039222
0.044712 0.039148
0.2898 0.033654
0.11166 0.044366
0.28897 0.034765
0.11869 0.038195
0.045488 0.038997
0.31276 0.029964
0.12948 0.03838
0.32256 0.024064
0.070751 0.03803
0.047529 0.038644
0.047954 0.038637
0.32051 0.029277
0.048613 0.038603
0.28698 0.037236
0.048882 0.038583
0.048605 0.038603
0.048836 0.038587
0.30764 0.034136
0.04982 0.038521
0.33782 0.022294
0.16386 0.052468
0.18332 0.044673
0.096595 0.040435
0.093865 0.039686
0.35007 0.022484
0.32908 0.031453
0.36991 0.020686
0.36402 0.023752
0.33182 0.032857
0.35951 0.027477
0.30384 0.035208
0.34315 0.033774
0.3371 0.034051
0.092971 0.039277
0.098243 0.040958
0.37028 0.032808
0.36413 0.036278
0.26383 0.044197
0.326 0.041424
0.34799 0.038119
0.30993 0.043243
0.33294 0.040368
0.29335 0.041963
0.28675 0.043261
0.38393 0.021357
0.38116 0.022838
0.39517 0.020207
0.39083 0.022618
0.37905 0.024764
0.40251 0.021221
0.39187 0.025685
0.36503 0.032459
0.37772 0.031391
0.37957 0.032543
0.38945 0.029905
0.34471 0.040106
0.36194 0.039745
0.3938 0.027374
0.39769 0.023963
0.29352 0.042126
0.36829 0.038778
0.38998 0.035673
0.40264 0.026522
0.38636 0.039201
0.37421 0.035523
0.39738 0.036329
0.39981 0.02756
0.37805 0.038338
0.41902 0.020536
0.43728 0.021642
0.49014 0.020845
0.45636 0.025151
0.43959 0.023776
0.49513 0.023346
0.41272 0.024063
0.42416 0.035902
0.53758 0.025378
0.50158 0.028736
0.41724 0.029801
0.42527 0.039043
0.501 0.030153
0.48902 0.034056
0.40467 0.024615
0.40743 0.025103
0.46817 0.03247
0.44321 0.034378
0.41555 0.032524
0.41065 0.029399
0.44486 0.037837
0.41931 0.039789
0.43062 0.036579
0.55387 0.02068
0.55764 0.022886
0.58689 0.021424
0.59465 0.025891
0.57185 0.026319
0.58563 0.029983
0.58159 0.035081
0.58865 0.038459
0.60586 0.036831
0.55091 0.028855
0.53025 0.027989
0.61413 0.040943
0.62312 0.037983
0.5172 0.03188
0.49711 0.034463
0.60607 0.037773
0.55639 0.033026
0.49035 0.034412
0.50696 0.035902
0.53553 0.033702
0.59734 0.02257
0.62011 0.029238
0.61401 0.026904
0.63947 0.0392
0.61343 0.031681
0.8281 0.037971
0.63136 0.039611
0.61605 0.040429
0.59496 0.041854
0.57 0.033481
0.61881 0.022375
0.89385 0.039548
0.63124 0.024336
0.91793 0.038992
0.88127 0.038771
0.93627 0.039275
0.64524 0.041563
0.7064 0.038068
0.64765 0.041737
0.80932 0.037332
0.95681 0.039859
0.96155 0.040033
0.63987 0.023358
0.96326 0.04003
0.65531 0.040803
0.96414 0.040085
0.96361 0.040055
0.9642 0.040085
0.65048 0.031051
0.79125 0.041952
0.65382 0.030473
0.96401 0.040004
0.96415 0.040058
0.65438 0.023584
0.96366 0.039936
0.66325 0.040105
0.69786 0.039377
0.96389 0.039978
0.962 0.039785
0.66535 0.039972
0.74033 0.039568
0.66599 0.029756
0.68039 0.04063
0.96053 0.039752
0.67229 0.039778
0.93759 0.038388
0.67218 0.025931
0.7146 0.037633
0.94488 0.039502
0.92476 0.035242
0.67454 0.023602
0.89708 0.037391
0.68385 0.033399
0.69565 0.03927
0.87356 0.037726
0.84814 0.038622
0.69102 0.034001
0.8102 0.036593
0.69297 0.03775
0.78555 0.041134
0.77541 0.03959
0.69544 0.024755
0.76465 0.039959
0.70239 0.026678
0.76027 0.040831
0.76471 0.039946
0.76316 0.040284
0.70684 0.022834
0.75901 0.040863
0.71402 0.034512
0.76864 0.039517
0.75944 0.040824
0.76383 0.039895
0.71736 0.033483
0.78071 0.039238
0.72626 0.022266
0.74028 0.038514
0.77654 0.039154
0.79186 0.040095
0.73412 0.022111
0.74419 0.039653
0.73732 0.034593
0.74746 0.040648
0.80305 0.038614
0.81786 0.033475
0.74352 0.023135
0.75192 0.041483
0.74759 0.036996
0.75601 0.038778
0.83443 0.037804
0.83841 0.037843
0.75033 0.030336
0.76974 0.033961
0.75956 0.031551
0.77696 0.033807
0.83908 0.037358
0.85146 0.037764
0.76025 0.028438
0.78797 0.032279
0.77186 0.024452
0.86383 0.037203
0.85827 0.038752
0.86847 0.034533
0.78228 0.021805
0.80214 0.029703
0.79172 0.024893
0.89368 0.032209
0.80159 0.023337
0.84415 0.030119
0.82688 0.023361
0.8552 0.029597
0.90212 0.032088
0.84628 0.025604
0.92791 0.030257
0.85715 0.025433
0.9425 0.029912
0.9337 0.030101
0.94105 0.030115
0.86812 0.021468
0.89856 0.024525
0.89214 0.02204
0.95768 0.028669
0.95299 0.028645
0.96109 0.02865
0.92794 0.022145
0.93319 0.02327
0.97269 0.021956
0.9758 0.024109
0.96467 0.028811
