345
0.023087 0.021772
0.021191 0.025218
0.070747 0.021436
0.026366 0.025227
0.023546 0.025218
0.027774 0.025219
0.09476 0.020775
0.060109 0.023389
0.10472 0.023092
0.037253 0.025308
0.0325 0.025222
0.14138 0.020935
0.040665 0.025292
0.16042 0.021288
0.044292 0.025204
0.042341 0.025252
0.04786 0.025107
0.18279 0.020795
0.12873 0.025095
0.19315 0.025694
0.087735 0.025644
0.058712 0.024771
0.077342 0.024723
0.2123 0.022906
0.1054 0.026701
0.22506 0.02116
0.13648 0.027828
0.11807 0.026711
0.13689 0.027862
0.23629 0.024167
0.16749 0.029095
0.25511 0.021423
0.20965 0.028645
0.17042 0.029052
0.17897 0.03047
0.26472 0.023281
0.2145 0.029114
0.27516 0.022259
0.25859 0.029923
0.17821 0.030742
0.17842 0.031117
0.27864 0.028535
0.24916 0.029668
0.28645 0.024873
0.25253 0.03089
0.17514 0.03131
0.16624 0.032528
0.29437 0.028531
0.16113 0.033511
0.3022 0.023872
0.26497 0.036112
0.16142 0.033509
0.17205 0.032517
0.30822 0.028575
0.17747 0.032643
0.31083 0.031591
0.29262 0.037992
0.17936 0.032708
0.18649 0.033052
0.31799 0.027023
0.29242 0.042069
0.31084 0.038268
0.19104 0.034456
0.18771 0.033452
0.33179 0.025851
0.19305 0.035103
0.33458 0.033191
0.30481 0.046635
0.19447 0.035424
0.19804 0.035732
0.33915 0.032411
0.19732 0.036155
0.33838 0.038281
0.19631 0.036666
0.19672 0.036386
0.19546 0.036849
0.34357 0.031916
0.33062 0.047255
0.34867 0.030193
0.18757 0.035986
0.19175 0.036873
0.18655 0.035721
0.34682 0.037453
0.33187 0.054854
0.34342 0.048924
0.11089 0.031537
0.078829 0.027809
0.35297 0.03715
0.32618 0.048919
0.35252 0.03992
0.28076 0.043391
0.054032 0.028373
0.050157 0.029234
0.35185 0.045813
0.049947 0.029607
0.35463 0.04272
0.22362 0.035228
0.051739 0.030291
0.055145 0.031176
0.35796 0.039761
0.31811 0.046169
0.37036 0.026686
0.05562 0.03261
0.053913 0.031873
0.055701 0.032629
0.35761 0.043717
0.14866 0.03847
0.35707 0.045671
0.16647 0.038807
0.056899 0.032707
0.37165 0.0343
0.18077 0.03812
0.37872 0.025653
0.098951 0.035121
0.060256 0.032874
0.060983 0.032906
0.37713 0.032979
0.062114 0.032934
0.35578 0.049482
0.062576 0.032936
0.0621 0.032934
0.062497 0.032936
0.36781 0.041209
0.06427 0.032878
0.38895 0.023706
0.25221 0.036261
0.28915 0.046877
0.12083 0.035288
0.11879 0.035508
0.39644 0.024216
0.38345 0.036879
0.40923 0.021211
0.40459 0.026214
0.3852 0.039561
0.40168 0.032271
0.36513 0.043736
0.39203 0.04271
0.3884 0.04254
0.11763 0.034824
0.12207 0.035366
0.41031 0.042728
0.40472 0.046424
0.34368 0.058705
0.38105 0.050868
0.39454 0.049998
0.36865 0.055305
0.38559 0.05157
0.35924 0.059182
0.35579 0.061206
0.43121 0.022145
0.42955 0.024655
0.43869 0.020276
0.43579 0.0237
0.42784 0.028154
0.44493 0.021599
0.43648 0.027884
0.40554 0.040711
0.42666 0.040296
0.42876 0.041117
0.43498 0.034401
0.39243 0.052809
0.40238 0.051586
0.43777 0.029912
0.44064 0.025209
0.35931 0.059616
0.4086 0.051466
0.43512 0.04274
0.44503 0.028545
0.43293 0.050443
0.41986 0.05261
0.43944 0.041426
0.44257 0.029877
0.42762 0.052077
0.45645 0.020756
0.4711 0.022007
0.50098 0.021652
0.48465 0.028838
0.4728 0.024822
0.50347 0.02642
0.45231 0.025891
0.45485 0.041735
0.52429 0.032502
0.50733 0.036265
0.45426 0.03409
0.45294 0.049234
0.50723 0.038905
0.50038 0.047631
0.44668 0.02605
0.44873 0.026775
0.48902 0.046152
0.47421 0.039293
0.45204 0.038108
0.45045 0.033182
0.47492 0.046606
0.45024 0.055813
0.46119 0.040838
0.53135 0.021666
0.53302 0.027224
0.54513 0.022795
0.54935 0.029658
0.53859 0.035571
0.54508 0.039949
0.54429 0.052
0.54821 0.054724
0.55944 0.037001
0.53058 0.041142
0.52159 0.038528
0.56818 0.044418
0.57328 0.041878
0.51697 0.044576
0.50535 0.047093
0.55993 0.037884
0.53362 0.052507
0.50118 0.048335
0.51186 0.048436
0.52483 0.051422
0.55103 0.023836
0.57141 0.030779
0.56655 0.027467
0.58839 0.038466
0.56612 0.032599
0.77719 0.035566
0.57923 0.041312
0.5691 0.044078
0.5522 0.054324
0.53913 0.053854
0.57042 0.02273
0.86877 0.038359
0.58049 0.024701
0.89557 0.037897
0.85833 0.037957
0.91553 0.037703
0.59685 0.042771
0.65996 0.04055
0.60001 0.043182
0.76602 0.036961
0.94221 0.035243
0.94953 0.034801
0.58931 0.023229
0.95233 0.034699
0.60645 0.044605
0.95384 0.03464
0.9529 0.034679
0.95393 0.034634
0.60059 0.031566
0.74061 0.039127
0.60343 0.031443
0.95363 0.034576
0.95387 0.034611
0.60392 0.023943
0.95306 0.034556
0.61281 0.043639
0.65285 0.039939
0.95343 0.034565
0.9504 0.034557
0.61469 0.043325
0.68431 0.044093
0.61384 0.030822
0.62847 0.041119
0.94816 0.034548
0.62058 0.041894
0.91868 0.035689
0.6198 0.026514
0.66965 0.040502
0.92528 0.037138
0.90608 0.033513
0.62197 0.023881
0.87385 0.035048
0.63139 0.032434
0.65036 0.03899
0.85102 0.034238
0.81515 0.034184
0.64079 0.032183
0.76715 0.035033
0.64559 0.036022
0.73388 0.037127
0.72034 0.03702
0.64472 0.024469
0.70772 0.039229
0.65131 0.026631
0.70403 0.041155
0.70779 0.039203
0.7063 0.039855
0.65536 0.022939
0.70276 0.041919
0.66637 0.036002
0.71271 0.037244
0.7032 0.041542
0.70701 0.039057
0.66915 0.035092
0.72847 0.035945
0.67338 0.022773
0.68405 0.039905
0.72215 0.036045
0.74214 0.036003
0.67938 0.022543
0.68705 0.040536
0.68227 0.036291
0.69072 0.041104
0.76005 0.034805
0.77284 0.03248
0.68762 0.023207
0.69533 0.041466
0.69141 0.036234
0.70041 0.038613
0.79289 0.030873
0.80273 0.030482
0.69539 0.029711
0.71452 0.032096
0.70436 0.031445
0.72345 0.031165
0.80456 0.030136
0.81969 0.032596
0.70527 0.028347
0.73735 0.029295
0.71712 0.023732
0.83541 0.03183
0.82561 0.034066
0.84544 0.030493
0.73112 0.021377
0.75641 0.027733
0.74315 0.023919
0.87258 0.031015
0.75564 0.02264
0.8132 0.02638
0.7833 0.022761
0.82721 0.027104
0.88282 0.030329
0.81638 0.02374
0.91232 0.028997
0.82966 0.024017
0.92949 0.028232
0.91944 0.028776
0.92771 0.028426
0.84651 0.021077
0.87984 0.023937
0.87243 0.021865
0.94866 0.026574
0.94317 0.026801
0.95313 0.026482
0.91311 0.02189
0.9194 0.022854
0.96981 0.021399
0.97414 0.022948
0.95842 0.02643
