345
0.022344 0.022334
0.020904 0.026871
0.058224 0.02191
0.024835 0.026883
0.022693 0.026871
0.025904 0.026872
0.076755 0.020969
0.050303 0.024524
0.084861 0.023759
0.033103 0.027015
0.029493 0.026885
0.11622 0.021033
0.035693 0.027007
0.13409 0.021339
0.038416 0.026902
0.036956 0.026959
0.041094 0.026786
0.15596 0.020812
0.10509 0.025893
0.16608 0.025856
0.071193 0.02721
0.049253 0.02637
0.063225 0.026223
0.18448 0.023077
0.08542 0.028134
0.19642 0.021248
0.11185 0.028816
0.096 0.027949
0.11221 0.028839
0.20681 0.024451
0.14096 0.029342
0.22515 0.021368
0.18198 0.029109
0.14382 0.029264
0.15222 0.030683
0.2356 0.022796
0.18656 0.029682
0.24885 0.021687
0.22866 0.029173
0.15147 0.030959
0.15167 0.031342
0.25347 0.026015
0.21917 0.029764
0.2657 0.023005
0.22258 0.030749
0.14846 0.031538
0.13973 0.032894
0.27901 0.024945
0.13478 0.034034
0.29294 0.022247
0.23702 0.033549
0.13505 0.034023
0.14542 0.03279
0.30317 0.025488
0.15074 0.032897
0.307 0.02766
0.27962 0.030257
0.1526 0.032967
0.15959 0.033354
0.31716 0.024608
0.28227 0.032362
0.30992 0.032163
0.16403 0.034838
0.16078 0.033773
0.3418 0.023008
0.16599 0.03553
0.34777 0.026897
0.30729 0.038323
0.16737 0.035882
0.17083 0.036271
0.35626 0.026707
0.17014 0.036693
0.35662 0.02983
0.16916 0.037197
0.16956 0.036918
0.16833 0.037369
0.36417 0.02674
0.34481 0.034076
0.37286 0.025833
0.16064 0.036366
0.16473 0.03733
0.15964 0.036084
0.37229 0.02992
0.35179 0.03915
0.37012 0.035851
0.08998 0.033847
0.064355 0.03025
0.38403 0.029528
0.33669 0.035667
0.38477 0.03098
0.26398 0.034684
0.045734 0.031163
0.042821 0.032284
0.38682 0.033653
0.042663 0.032779
0.39135 0.032909
0.19508 0.036357
0.04401 0.033702
0.046571 0.034908
0.39623 0.032592
0.32283 0.036867
0.40705 0.026034
0.046929 0.036824
0.045645 0.035827
0.046989 0.036851
0.3989 0.035477
0.12294 0.039849
0.39949 0.036752
0.13996 0.039348
0.04789 0.036962
0.41124 0.034035
0.15399 0.038495
0.41517 0.026061
0.080148 0.038673
0.050413 0.037183
0.050959 0.037221
0.41597 0.033773
0.051805 0.037251
0.39999 0.039369
0.05215 0.037251
0.051795 0.037251
0.052092 0.037253
0.41116 0.040026
0.053412 0.037165
0.42414 0.024356
0.22269 0.036059
0.28138 0.036365
0.098336 0.03801
0.096617 0.038343
0.43032 0.025123
0.42445 0.039231
0.44064 0.021369
0.43689 0.027329
0.42819 0.042169
0.43792 0.034452
0.40954 0.041407
0.43774 0.045771
0.4339 0.045331
0.095633 0.037573
0.099391 0.038055
0.45334 0.046406
0.45369 0.051556
0.37655 0.042275
0.44507 0.053962
0.45178 0.054953
0.45027 0.062917
0.44963 0.056414
0.44999 0.065357
0.45113 0.068163
0.46287 0.022
0.46119 0.024369
0.47094 0.02025
0.46758 0.023392
0.4594 0.027721
0.4781 0.021484
0.46839 0.027211
0.44821 0.043745
0.46179 0.041165
0.46332 0.042105
0.46661 0.033333
0.45623 0.063382
0.4589 0.061992
0.46988 0.029027
0.47318 0.024704
0.45264 0.070142
0.46204 0.064633
0.46734 0.043515
0.47822 0.02795
0.46866 0.058918
0.46722 0.072003
0.47171 0.039947
0.4754 0.028905
0.46859 0.067366
0.48916 0.020967
0.49878 0.023148
0.51704 0.022732
0.5067 0.034514
0.49985 0.027626
0.51846 0.030606
0.48584 0.026721
0.48981 0.049926
0.53013 0.037113
0.5175 0.047584
0.48824 0.037263
0.49132 0.064604
0.51668 0.052333
0.51154 0.068495
0.48007 0.025859
0.48231 0.026943
0.50585 0.067149
0.49909 0.052542
0.48706 0.041154
0.48464 0.034344
0.49957 0.069421
0.49078 0.077053
0.49312 0.052599
0.53756 0.022102
0.5389 0.029036
0.5486 0.023419
0.55174 0.031715
0.54085 0.03924
0.54484 0.044222
0.54101 0.058784
0.5433 0.062033
0.55839 0.039783
0.53258 0.047186
0.52582 0.046908
0.56437 0.046665
0.5701 0.043008
0.52147 0.058211
0.51431 0.066831
0.5586 0.040732
0.53252 0.061234
0.5119 0.069747
0.51779 0.067369
0.52551 0.064581
0.5535 0.024632
0.57092 0.031438
0.56661 0.028218
0.58833 0.035582
0.56529 0.03394
0.80018 0.035743
0.5763 0.040657
0.56537 0.046123
0.54628 0.060742
0.53653 0.062184
0.57035 0.022918
0.87836 0.038845
0.58017 0.024408
0.90516 0.039891
0.86816 0.039334
0.92025 0.039735
0.59934 0.039803
0.66972 0.039749
0.60345 0.040685
0.78879 0.036578
0.94645 0.036505
0.95318 0.036332
0.59032 0.022675
0.95575 0.036328
0.60952 0.041928
0.95713 0.036322
0.95627 0.036328
0.95721 0.036318
0.6043 0.029811
0.76276 0.038772
0.60739 0.029664
0.95694 0.036242
0.95716 0.03629
0.60799 0.023329
0.95641 0.036198
0.61701 0.039303
0.66299 0.03919
0.95675 0.036222
0.95398 0.036095
0.61966 0.038492
0.69089 0.040051
0.62013 0.028495
0.63647 0.040276
0.95193 0.03602
0.62772 0.038609
0.92337 0.037118
0.62792 0.025464
0.6776 0.038884
0.92989 0.03786
0.91314 0.035961
0.63057 0.023406
0.88328 0.035317
0.63996 0.031881
0.6605 0.037705
0.86117 0.036431
0.8332 0.038364
0.65025 0.031353
0.78996 0.034707
0.65582 0.034672
0.75592 0.036847
0.74217 0.03659
0.6546 0.024107
0.72795 0.037286
0.66149 0.026259
0.72337 0.037866
0.72803 0.03728
0.72622 0.03743
0.66591 0.022815
0.72171 0.03815
0.67578 0.034709
0.73385 0.03631
0.72232 0.037947
0.72715 0.036941
0.67882 0.033928
0.75036 0.03576
0.68521 0.022479
0.69316 0.035701
0.74397 0.035715
0.76429 0.035702
0.69177 0.02211
0.69725 0.035396
0.69269 0.033123
0.70305 0.034985
0.78267 0.034411
0.79577 0.032367
0.70247 0.022348
0.71064 0.035308
0.70653 0.031364
0.71947 0.034753
0.81495 0.03221
0.8235 0.032693
0.71388 0.027064
0.73617 0.031552
0.72519 0.029835
0.7453 0.030968
0.82498 0.032422
0.83669 0.036401
0.72624 0.027286
0.75949 0.029129
0.73899 0.023601
0.84881 0.035173
0.84122 0.038254
0.85669 0.032708
0.7531 0.021357
0.77894 0.027522
0.76532 0.023845
0.88182 0.031238
0.77815 0.022568
0.83171 0.028209
0.80616 0.022898
0.84245 0.029202
0.89202 0.030392
0.83415 0.024855
0.91845 0.030225
0.84433 0.025188
0.93459 0.028562
0.92481 0.029514
0.93286 0.028715
0.85754 0.021293
0.889 0.023968
0.88161 0.021904
0.95245 0.027244
0.94746 0.027388
0.95652 0.027214
0.91912 0.022137
0.92478 0.023095
0.97118 0.021617
0.97493 0.023408
0.96132 0.027248
