345
0.021187 0.02461
0.020527 0.033508
0.036855 0.024887
0.02282 0.033529
0.02157 0.033508
0.023443 0.03351
0.044743 0.022019
0.035101 0.031278
0.049345 0.027431
0.027814 0.034744
0.025585 0.033949
0.065172 0.02178
0.029241 0.034956
0.078893 0.021461
0.030585 0.034977
0.029878 0.034969
0.031823 0.03507
0.099398 0.020883
0.062062 0.031438
0.109 0.027125
0.046827 0.035905
0.035774 0.035359
0.042174 0.035156
0.12197 0.024834
0.055107 0.035986
0.12876 0.022094
0.068013 0.037111
0.060147 0.035476
0.068168 0.03713
0.13522 0.026901
0.085971 0.030134
0.14744 0.022093
0.11948 0.033937
0.088532 0.029973
0.095196 0.031573
0.15398 0.024433
0.12221 0.035598
0.16192 0.022898
0.14255 0.034919
0.094537 0.031878
0.094638 0.032323
0.16283 0.030321
0.13654 0.036786
0.17119 0.025396
0.13652 0.039067
0.092094 0.03251
0.085264 0.034351
0.179 0.028563
0.081299 0.035984
0.187 0.023565
0.13821 0.043513
0.081528 0.035927
0.089874 0.034074
0.19383 0.027395
0.09369 0.034125
0.19653 0.029768
0.16905 0.037915
0.095116 0.034237
0.10092 0.035265
0.20564 0.025461
0.16573 0.040056
0.19458 0.035632
0.10466 0.037639
0.10189 0.035904
0.22687 0.023637
0.10615 0.038649
0.23114 0.028153
0.18269 0.041923
0.10705 0.039199
0.10928 0.04018
0.23844 0.027351
0.10863 0.040399
0.23615 0.030933
0.10779 0.040599
0.10816 0.040474
0.10716 0.040577
0.24629 0.026835
0.22145 0.036384
0.25543 0.025433
0.10088 0.038672
0.10436 0.039999
0.10009 0.038333
0.25174 0.029569
0.22133 0.040829
0.24091 0.036085
0.065193 0.047853
0.045137 0.043464
0.26361 0.028526
0.21371 0.038606
0.26217 0.030053
0.14595 0.042778
0.036269 0.044367
0.03532 0.045396
0.25931 0.033209
0.035651 0.046016
0.26678 0.03072
0.12361 0.045184
0.037238 0.047246
0.039489 0.048532
0.27449 0.029058
0.20244 0.040474
0.29994 0.023702
0.04019 0.049612
0.039149 0.04897
0.04023 0.049631
0.27338 0.030787
0.081985 0.05316
0.27209 0.031624
0.08655 0.042154
0.040737 0.049763
0.30245 0.027871
0.09539 0.040055
0.31483 0.023345
0.056182 0.051084
0.042075 0.050023
0.04236 0.050074
0.31224 0.027512
0.0428 0.050123
0.26899 0.033359
0.04298 0.050137
0.042795 0.050122
0.042949 0.050136
0.29483 0.031282
0.043606 0.050198
0.33223 0.022039
0.13261 0.047307
0.15545 0.041721
0.07191 0.051869
0.070106 0.051385
0.34624 0.022171
0.32244 0.029903
0.36766 0.020678
0.36173 0.023569
0.32521 0.031308
0.35698 0.026912
0.28987 0.032236
0.33764 0.032141
0.33078 0.03249
0.069498 0.050959
0.073003 0.05224
0.36793 0.032668
0.36151 0.035476
0.23626 0.041939
0.3173 0.038083
0.34282 0.035853
0.29527 0.038839
0.32516 0.037902
0.27606 0.037823
0.26707 0.038424
0.38171 0.021356
0.37895 0.022834
0.39297 0.020207
0.38862 0.022618
0.37686 0.024753
0.40033 0.021207
0.38966 0.025678
0.36264 0.031923
0.3755 0.031363
0.37736 0.032518
0.38724 0.029907
0.33843 0.037656
0.35901 0.038495
0.3916 0.027352
0.3955 0.023936
0.27623 0.038002
0.36565 0.038323
0.38776 0.035678
0.40046 0.026448
0.38412 0.039192
0.37186 0.035473
0.39517 0.036224
0.39761 0.027494
0.37576 0.038295
0.41718 0.020523
0.43604 0.021583
0.4901 0.020859
0.45588 0.024975
0.43843 0.02364
0.49501 0.023427
0.41075 0.023978
0.42246 0.035441
0.53563 0.025627
0.50132 0.029029
0.41535 0.029565
0.42361 0.038475
0.50076 0.030485
0.489 0.034264
0.40253 0.024553
0.40535 0.025022
0.46802 0.032168
0.4422 0.033845
0.41363 0.032236
0.40864 0.02922
0.44391 0.037168
0.41747 0.039282
0.42915 0.036023
0.55132 0.020698
0.55496 0.022936
0.58562 0.021228
0.59474 0.024928
0.56922 0.026156
0.58414 0.028704
0.57992 0.033568
0.58916 0.035536
0.6105 0.033912
0.54845 0.02915
0.52866 0.028406
0.62209 0.038224
0.63038 0.035927
0.51624 0.032454
0.49695 0.034855
0.61108 0.034716
0.55376 0.033291
0.49031 0.034662
0.50645 0.036558
0.53368 0.03436
0.59806 0.022139
0.6252 0.028069
0.61816 0.025917
0.6465 0.036748
0.61789 0.029989
0.83487 0.039343
0.63901 0.037718
0.62392 0.037702
0.5985 0.038227
0.56749 0.033302
0.62375 0.022066
0.89705 0.040735
0.63755 0.023922
0.91918 0.04137
0.88552 0.039564
0.93562 0.040966
0.65451 0.038389
0.72002 0.039586
0.65779 0.037779
0.81648 0.040625
0.95462 0.040053
0.95905 0.039526
0.64692 0.022929
0.96097 0.039235
0.66949 0.036688
0.96198 0.039162
0.96137 0.03921
0.96204 0.039154
0.6597 0.028817
0.80091 0.041202
0.66414 0.028365
0.96182 0.039093
0.96199 0.03913
0.6649 0.022862
0.96143 0.039073
0.67905 0.038152
0.7123 0.040314
0.96169 0.039082
0.95954 0.03917
0.6813 0.038574
0.74863 0.041965
0.67913 0.028836
0.69401 0.041413
0.95805 0.039354
0.68673 0.039275
0.93681 0.03991
0.68543 0.025713
0.72892 0.038748
0.94356 0.040788
0.92521 0.037033
0.68772 0.023535
0.90021 0.038676
0.69723 0.033128
0.71026 0.040135
0.8781 0.037749
0.853 0.040073
0.70483 0.034117
0.81726 0.039486
0.70739 0.03805
0.79418 0.040047
0.78357 0.039676
0.70908 0.024911
0.7732 0.040157
0.71542 0.026979
0.76888 0.040932
0.77326 0.040149
0.77173 0.040424
0.7194 0.02302
0.76751 0.040901
0.72772 0.03517
0.77707 0.039985
0.76798 0.040875
0.77242 0.040033
0.73064 0.033999
0.78879 0.038835
0.73804 0.02257
0.74865 0.040335
0.78471 0.039132
0.80169 0.039403
0.74487 0.022402
0.75199 0.041134
0.74705 0.036289
0.75524 0.041492
0.81179 0.041529
0.82449 0.035101
0.75286 0.023362
0.75971 0.04131
0.75597 0.037334
0.76452 0.038511
0.84154 0.039226
0.84513 0.039353
0.75984 0.030059
0.77883 0.034332
0.76921 0.031512
0.7858 0.033743
0.84568 0.038848
0.85564 0.038904
0.77003 0.028427
0.79764 0.031536
0.78138 0.02454
0.86749 0.036936
0.86125 0.039324
0.87277 0.034118
0.79168 0.021745
0.81179 0.031005
0.8019 0.024767
0.89726 0.033094
0.81143 0.02376
0.84949 0.03111
0.8336 0.023637
0.85958 0.029942
0.90525 0.033306
0.85144 0.026135
0.9281 0.031435
0.86143 0.025559
0.94143 0.030612
0.93334 0.031069
0.94004 0.030872
0.87284 0.021427
0.90194 0.024939
0.89593 0.022188
0.9559 0.028678
0.95143 0.028956
0.95915 0.028445
0.92816 0.022391
0.9329 0.023589
0.97193 0.021771
0.97536 0.023721
0.96307 0.028363
