345
0.021708 0.023203
0.020661 0.02943
0.051279 0.021923
0.023535 0.029447
0.021968 0.02943
0.024316 0.029432
0.068703 0.021106
0.043577 0.024942
0.07562 0.024604
0.029585 0.029541
0.026941 0.02945
0.10011 0.021338
0.031465 0.029221
0.11383 0.021854
0.033434 0.028796
0.032378 0.029023
0.035379 0.028377
0.12772 0.021248
0.091219 0.027654
0.13474 0.028482
0.063862 0.027874
0.04254 0.027061
0.056218 0.026499
0.14684 0.025013
0.076093 0.029996
0.15387 0.022092
0.096328 0.03142
0.08437 0.030344
0.096624 0.031456
0.16014 0.027495
0.11834 0.034137
0.17058 0.022233
0.14546 0.034584
0.12018 0.034515
0.12526 0.036674
0.17735 0.024141
0.14828 0.035982
0.18716 0.022504
0.17202 0.034632
0.12479 0.037157
0.12487 0.037745
0.19043 0.02951
0.16683 0.036597
0.19755 0.025423
0.16835 0.037963
0.12291 0.038311
0.11731 0.039115
0.20429 0.028937
0.11386 0.03944
0.21263 0.023118
0.17797 0.039704
0.11408 0.039481
0.12091 0.040279
0.22129 0.026543
0.12415 0.040269
0.22483 0.029453
0.20615 0.038573
0.12524 0.04023
0.12971 0.040142
0.23233 0.027556
0.20784 0.041797
0.2283 0.036275
0.13313 0.041716
0.13062 0.040608
0.24408 0.026029
0.13469 0.04249
0.24708 0.032028
0.22783 0.043916
0.13579 0.042912
0.13856 0.043982
0.25265 0.029056
0.13803 0.044442
0.25294 0.033123
0.13727 0.044943
0.13758 0.044635
0.1366 0.045066
0.25948 0.027824
0.24611 0.046848
0.26702 0.027226
0.13022 0.044443
0.13361 0.045184
0.12943 0.044189
0.26651 0.032254
0.2489 0.052431
0.26489 0.039468
0.079815 0.037398
0.05736 0.030732
0.2755 0.032176
0.2438 0.054953
0.27602 0.034006
0.20258 0.050384
0.038615 0.033029
0.036029 0.03491
0.27773 0.037323
0.035815 0.03555
0.28137 0.036447
0.15389 0.047851
0.036659 0.036427
0.03862 0.037349
0.28492 0.03654
0.23955 0.056037
0.29303 0.027276
0.038534 0.040398
0.037557 0.038932
0.038594 0.040432
0.2868 0.040248
0.10231 0.044626
0.28716 0.042068
0.11689 0.048426
0.039728 0.040301
0.29621 0.035536
0.12545 0.048517
0.30055 0.026021
0.071901 0.041667
0.043488 0.039727
0.044191 0.039586
0.3014 0.033367
0.045244 0.039301
0.28737 0.04682
0.045659 0.039165
0.045232 0.039305
0.045589 0.039191
0.29549 0.044604
0.047058 0.038531
0.31097 0.023691
0.16737 0.048517
0.20886 0.052182
0.08492 0.044274
0.083698 0.044833
0.3184 0.024295
0.31241 0.036423
0.33068 0.020963
0.32621 0.025723
0.31751 0.039053
0.32728 0.030989
0.29364 0.050008
0.32678 0.039883
0.32336 0.041999
0.083218 0.043046
0.085615 0.044437
0.36101 0.034947
0.36877 0.037244
0.26925 0.052337
0.33684 0.041731
0.36408 0.040382
0.37509 0.040136
0.355 0.041367
0.38067 0.039423
0.40054 0.039491
0.38792 0.021078
0.37416 0.022754
0.47102 0.020065
0.45092 0.021547
0.36777 0.025029
0.50321 0.020317
0.45593 0.022795
0.34569 0.031945
0.40333 0.030385
0.41715 0.029726
0.44215 0.027384
0.41468 0.03553
0.42358 0.035676
0.46515 0.022652
0.48174 0.021067
0.41636 0.040544
0.43567 0.042353
0.43983 0.031932
0.50374 0.021699
0.43965 0.037217
0.44553 0.045257
0.4583 0.026913
0.49144 0.021956
0.44676 0.038163
0.55612 0.02023
0.58645 0.021293
0.62421 0.021412
0.60271 0.027092
0.58901 0.023254
0.62691 0.025519
0.54043 0.021371
0.56202 0.027885
0.64753 0.029798
0.62309 0.034142
0.54973 0.023799
0.56219 0.030946
0.62065 0.036325
0.59477 0.043563
0.51193 0.021228
0.52217 0.02139
0.58742 0.040995
0.58493 0.033141
0.54475 0.024448
0.53166 0.022882
0.57817 0.040616
0.56048 0.043884
0.57239 0.030773
0.66084 0.021351
0.66293 0.025937
0.67658 0.022833
0.68028 0.030808
0.66499 0.032925
0.67085 0.037466
0.66086 0.044058
0.66365 0.046657
0.68693 0.043151
0.65032 0.035825
0.63892 0.034678
0.69169 0.056939
0.69542 0.05565
0.62675 0.03972
0.60262 0.043063
0.68713 0.04442
0.64394 0.043084
0.59379 0.044599
0.60992 0.043771
0.62854 0.04351
0.68222 0.024552
0.69565 0.037859
0.69289 0.031919
0.70589 0.045215
0.69208 0.039728
0.84332 0.050125
0.69915 0.054159
0.69237 0.05702
0.66998 0.047889
0.64991 0.044379
0.69528 0.024519
0.89463 0.045661
0.7011 0.027359
0.9145 0.04304
0.88637 0.04845
0.9289 0.04106
0.71251 0.047235
0.75997 0.052267
0.71561 0.04662
0.83718 0.049932
0.95307 0.039209
0.95889 0.039647
0.70713 0.02424
0.96109 0.03984
0.7217 0.04641
0.9622 0.039925
0.9615 0.039877
0.96228 0.039923
0.71691 0.032312
0.822 0.053154
0.71953 0.031583
0.96204 0.039757
0.96223 0.03986
0.72008 0.02397
0.96162 0.039646
0.72934 0.043934
0.75596 0.05155
0.96189 0.039711
0.95961 0.039308
0.73157 0.04397
0.7733 0.052397
0.73057 0.030961
0.74196 0.056057
0.95775 0.039041
0.73735 0.048416
0.93161 0.037879
0.73623 0.028075
0.76493 0.04992
0.93776 0.038748
0.92174 0.037091
0.73794 0.025246
0.89775 0.040977
0.74355 0.040251
0.75461 0.049158
0.88207 0.04611
0.85822 0.047501
0.74909 0.039418
0.83767 0.046718
0.75206 0.044534
0.81837 0.050475
0.81224 0.051144
0.75199 0.026902
0.8054 0.051068
0.75621 0.030268
0.80184 0.050523
0.80545 0.051078
0.80424 0.050829
0.75893 0.024607
0.8 0.050209
0.76423 0.043258
0.80804 0.049378
0.8007 0.050044
0.80462 0.04973
0.76626 0.04167
0.81547 0.048285
0.77111 0.023772
0.77513 0.044776
0.81273 0.048734
0.82252 0.046861
0.77545 0.02327
0.77734 0.044317
0.77523 0.040429
0.78046 0.043014
0.83335 0.044439
0.84057 0.043432
0.78197 0.023526
0.78626 0.041715
0.78372 0.036667
0.79592 0.04064
0.85064 0.042789
0.85469 0.042274
0.79028 0.029629
0.80744 0.039684
0.79983 0.034795
0.8121 0.039118
0.85537 0.041239
0.86271 0.041303
0.7997 0.031001
0.81932 0.035785
0.8073 0.02615
0.87475 0.040465
0.86739 0.041174
0.87962 0.039626
0.81525 0.022366
0.83064 0.032449
0.82237 0.026479
0.89648 0.035339
0.83013 0.024242
0.85909 0.032223
0.84546 0.025413
0.86858 0.030672
0.90376 0.033814
0.86091 0.026763
0.92665 0.030777
0.87025 0.026185
0.94195 0.029234
0.93258 0.029919
0.94015 0.029327
0.87976 0.022013
0.90128 0.025473
0.89615 0.0226
0.95773 0.028611
0.95342 0.028609
0.96116 0.02869
0.92724 0.022248
0.93255 0.023227
0.97294 0.02202
0.97594 0.024257
0.96505 0.028865
