345
0.023399 0.02161
0.021311 0.024739
0.076352 0.021281
0.02701 0.024747
0.023904 0.024739
0.02856 0.024739
0.10319 0.020699
0.06442 0.023032
0.11415 0.022817
0.038998 0.0248
0.033764 0.024735
0.15338 0.020905
0.042772 0.024777
0.17236 0.021348
0.046807 0.024688
0.044638 0.024736
0.050777 0.024593
0.19213 0.020982
0.14015 0.024801
0.20047 0.028032
0.095354 0.025063
0.062856 0.02427
0.083747 0.024221
0.21233 0.025058
0.11489 0.02611
0.21894 0.022236
0.1483 0.02749
0.1287 0.026211
0.14873 0.027529
0.22488 0.028408
0.17909 0.030007
0.23375 0.022929
0.20998 0.034761
0.18179 0.030171
0.18887 0.03247
0.23846 0.026327
0.21237 0.036243
0.24415 0.023904
0.23113 0.040617
0.18824 0.032728
0.18837 0.03319
0.24518 0.033815
0.22643 0.040725
0.25137 0.026748
0.22634 0.043303
0.1857 0.033127
0.17788 0.03366
0.25773 0.030331
0.17301 0.034211
0.26452 0.024345
0.22685 0.049317
0.17329 0.034236
0.18311 0.034223
0.27003 0.029207
0.18751 0.034902
0.2722 0.032242
0.25113 0.042742
0.18901 0.035169
0.19455 0.036835
0.27946 0.027148
0.24867 0.046125
0.27115 0.039352
0.19781 0.039756
0.19544 0.03762
0.29333 0.025645
0.19909 0.04112
0.29602 0.032529
0.26285 0.047134
0.19983 0.041845
0.20158 0.04298
0.30095 0.03136
0.20114 0.043331
0.2997 0.036889
0.20053 0.043707
0.20079 0.043473
0.20008 0.043739
0.30586 0.030442
0.29093 0.046397
0.31197 0.028441
0.19498 0.040847
0.19794 0.042954
0.19425 0.040259
0.30931 0.034806
0.29148 0.053572
0.30452 0.045319
0.12092 0.030588
0.085412 0.026981
0.31712 0.03359
0.28627 0.048259
0.31644 0.035863
0.23288 0.051711
0.057644 0.02751
0.053333 0.028295
0.31535 0.040494
0.053099 0.028631
0.31917 0.037665
0.21219 0.047295
0.055093 0.029238
0.058882 0.030018
0.32375 0.035072
0.27791 0.045977
0.34044 0.025097
0.059411 0.031301
0.057511 0.030649
0.059501 0.031318
0.32321 0.038006
0.16089 0.038366
0.32244 0.039481
0.17805 0.040532
0.060833 0.031382
0.34216 0.030953
0.18966 0.041744
0.35122 0.024442
0.10782 0.033699
0.064585 0.031516
0.065401 0.03154
0.34924 0.030148
0.066669 0.031559
0.32058 0.042455
0.067188 0.031559
0.066654 0.031559
0.067099 0.03156
0.33713 0.036043
0.069087 0.031499
0.36405 0.02296
0.22052 0.050601
0.24086 0.051012
0.13167 0.034198
0.12949 0.034365
0.37342 0.023378
0.35733 0.033411
0.38928 0.020991
0.38357 0.025036
0.35958 0.03558
0.37994 0.029894
0.33353 0.037798
0.36805 0.038196
0.3636 0.038024
0.12823 0.033712
0.133 0.034299
0.3902 0.038671
0.38338 0.041569
0.30322 0.053929
0.35463 0.044367
0.37117 0.044299
0.33849 0.046533
0.36035 0.045241
0.32544 0.049121
0.32006 0.051102
0.41493 0.021957
0.41312 0.024207
0.42294 0.020257
0.41986 0.023431
0.41124 0.027297
0.42961 0.021489
0.42059 0.027321
0.3845 0.036814
0.40946 0.038017
0.41179 0.038958
0.41888 0.033323
0.36866 0.04658
0.38048 0.045847
0.42196 0.029224
0.42502 0.024859
0.32554 0.049432
0.38788 0.045991
0.41882 0.040931
0.42972 0.027956
0.41614 0.047515
0.40109 0.047881
0.42364 0.03993
0.42708 0.029213
0.41005 0.048347
0.44208 0.020689
0.4587 0.021698
0.49719 0.021233
0.47522 0.026908
0.46074 0.024042
0.5005 0.024805
0.43756 0.025431
0.44056 0.039889
0.52761 0.029895
0.50552 0.032227
0.43976 0.032926
0.4386 0.046734
0.50534 0.034211
0.49649 0.040824
0.43149 0.025621
0.4337 0.026279
0.48168 0.039916
0.46283 0.036033
0.43741 0.036701
0.4356 0.032191
0.46403 0.04191
0.43564 0.052739
0.4475 0.038586
0.53648 0.021337
0.53855 0.025799
0.55366 0.022252
0.55888 0.02788
0.54522 0.032503
0.55302 0.036065
0.55128 0.045606
0.55616 0.047709
0.57111 0.034297
0.53483 0.036977
0.52386 0.034528
0.58251 0.041784
0.58724 0.040674
0.51765 0.039037
0.5028 0.040523
0.57174 0.035076
0.53786 0.046099
0.49751 0.041404
0.511 0.041823
0.52704 0.04502
0.56096 0.023146
0.58479 0.030056
0.57944 0.02669
0.601 0.036573
0.57902 0.031244
0.78191 0.041533
0.59241 0.04076
0.5835 0.041688
0.56121 0.047387
0.54474 0.047124
0.58378 0.022528
0.86294 0.037428
0.59399 0.024562
0.89143 0.03673
0.85195 0.037082
0.91256 0.036835
0.61211 0.038494
0.67482 0.044129
0.61677 0.039089
0.77387 0.042189
0.9406 0.034603
0.9482 0.03425
0.60318 0.022851
0.95111 0.034153
0.62537 0.041142
0.95267 0.034087
0.9517 0.03413
0.95277 0.03408
0.61711 0.029577
0.74829 0.04359
0.6207 0.029687
0.95246 0.034026
0.9527 0.034058
0.6213 0.023352
0.95186 0.034011
0.63131 0.041369
0.67013 0.043897
0.95225 0.034017
0.94911 0.034023
0.63313 0.04117
0.69978 0.041246
0.63224 0.029956
0.64943 0.040099
0.94678 0.033994
0.63915 0.039791
0.91587 0.034919
0.63865 0.025902
0.68186 0.041294
0.92281 0.036295
0.90262 0.032774
0.64101 0.023518
0.86829 0.034261
0.65189 0.032197
0.66884 0.042988
0.84427 0.033669
0.8091 0.035364
0.66086 0.034079
0.77398 0.040151
0.66554 0.039625
0.74473 0.043368
0.73791 0.043451
0.66379 0.025416
0.72865 0.041174
0.66891 0.028158
0.72465 0.041286
0.72872 0.041179
0.72714 0.041121
0.672 0.023641
0.72319 0.041454
0.68014 0.037196
0.73301 0.041307
0.72367 0.041304
0.72774 0.040737
0.68253 0.035625
0.74193 0.043317
0.68853 0.022656
0.69968 0.038224
0.73866 0.042817
0.74984 0.040448
0.69532 0.02229
0.70342 0.038891
0.69783 0.034829
0.70792 0.039391
0.76804 0.038562
0.77737 0.037498
0.70418 0.022988
0.71353 0.039785
0.70854 0.035252
0.71947 0.038306
0.79082 0.034353
0.79796 0.032753
0.71256 0.029193
0.73268 0.035199
0.72235 0.031647
0.73833 0.036264
0.7993 0.032137
0.81315 0.033363
0.72276 0.028555
0.7466 0.032752
0.73349 0.02485
0.82834 0.031815
0.81861 0.034593
0.83843 0.030214
0.74268 0.02205
0.76295 0.029242
0.75103 0.024948
0.86696 0.030446
0.76228 0.023132
0.80701 0.027037
0.78302 0.023741
0.82012 0.027324
0.87776 0.029712
0.80996 0.024018
0.90919 0.028555
0.82258 0.024102
0.92724 0.027826
0.91667 0.028345
0.92537 0.028011
0.83953 0.021046
0.87461 0.023711
0.8668 0.021769
0.94729 0.026326
0.94159 0.02652
0.95193 0.026239
0.91001 0.021798
0.91663 0.022714
0.96933 0.021337
0.97387 0.022815
0.95743 0.026175
