345
0.021375 0.02398
0.020605 0.031664
0.039944 0.023437
0.023236 0.031682
0.021802 0.031664
0.023951 0.031665
0.053053 0.021199
0.037502 0.028287
0.060904 0.024328
0.028868 0.03271
0.026383 0.032044
0.08793 0.02109
0.030509 0.032555
0.11151 0.020846
0.032082 0.032201
0.031253 0.032395
0.033533 0.031931
0.13815 0.020752
0.082948 0.026894
0.15005 0.025546
0.05657 0.029326
0.038315 0.03108
0.048918 0.029225
0.16776 0.023352
0.07079 0.029328
0.17805 0.021424
0.091887 0.030765
0.079127 0.029214
0.092126 0.030781
0.18741 0.024909
0.12266 0.027345
0.20388 0.021554
0.16297 0.029901
0.1259 0.027745
0.1333 0.03007
0.21297 0.023515
0.16703 0.030923
0.22218 0.022578
0.19781 0.030889
0.13253 0.030329
0.13255 0.030732
0.22321 0.029295
0.18934 0.032055
0.23206 0.024924
0.18936 0.033628
0.1298 0.030529
0.12161 0.03018
0.24072 0.027395
0.11526 0.029925
0.25055 0.022938
0.19196 0.036597
0.11567 0.029968
0.12721 0.03131
0.25888 0.026229
0.13124 0.03227
0.26184 0.028382
0.2295 0.036468
0.13267 0.032465
0.13788 0.033128
0.27223 0.02453
0.22647 0.038463
0.25928 0.03329
0.14062 0.03502
0.13856 0.033644
0.29757 0.023042
0.14221 0.035766
0.30236 0.026637
0.24442 0.038121
0.14332 0.03609
0.14632 0.036259
0.31247 0.026184
0.14523 0.036479
0.30942 0.029034
0.14383 0.036726
0.14447 0.036601
0.14286 0.036838
0.32104 0.027396
0.29046 0.0343
0.32832 0.026513
0.13665 0.036255
0.13922 0.037038
0.13613 0.035986
0.32582 0.031371
0.28967 0.037388
0.31653 0.035395
0.086964 0.037232
0.05359 0.034004
0.33402 0.030368
0.28114 0.035393
0.33258 0.032226
0.20322 0.036603
0.037951 0.037332
0.036447 0.038508
0.33032 0.036122
0.036832 0.03879
0.33665 0.032736
0.16807 0.036857
0.039085 0.038929
0.04305 0.03878
0.3443 0.029709
0.26698 0.03705
0.36904 0.02419
0.044264 0.039171
0.042332 0.039211
0.044338 0.039166
0.34311 0.031575
0.11541 0.039696
0.34183 0.032564
0.12304 0.036514
0.045292 0.03904
0.37114 0.029082
0.13171 0.037794
0.38094 0.023889
0.072367 0.038423
0.047777 0.03871
0.04829 0.038708
0.37878 0.028984
0.049086 0.038681
0.33857 0.035043
0.049411 0.038664
0.049076 0.038682
0.049355 0.038668
0.36524 0.032262
0.050541 0.038622
0.39803 0.02201
0.18338 0.037932
0.21671 0.037714
0.095931 0.039937
0.093579 0.039979
0.41182 0.022287
0.38757 0.030394
0.43166 0.020746
0.42609 0.023932
0.39044 0.031302
0.42194 0.027499
0.36037 0.032583
0.4044 0.032266
0.39653 0.032382
0.092794 0.039781
0.097358 0.039859
0.43315 0.033843
0.42837 0.03727
0.31155 0.036351
0.38204 0.039303
0.4105 0.036484
0.36797 0.040533
0.38992 0.037716
0.34463 0.038253
0.33646 0.039268
0.44469 0.021412
0.44191 0.022947
0.45564 0.020247
0.45184 0.02289
0.43979 0.024966
0.46123 0.021633
0.45281 0.0264
0.4281 0.033265
0.43941 0.031936
0.44171 0.033133
0.45103 0.030729
0.40664 0.037782
0.42711 0.039575
0.45452 0.028548
0.45763 0.024933
0.34476 0.038378
0.43312 0.039615
0.45499 0.037897
0.46133 0.028737
0.45332 0.040172
0.43756 0.036453
0.4611 0.040823
0.45921 0.029744
0.44264 0.039066
0.47293 0.020661
0.4891 0.022175
0.52075 0.021338
0.50191 0.028715
0.49097 0.025082
0.52369 0.025045
0.46825 0.025317
0.47751 0.03875
0.555 0.027581
0.52864 0.032546
0.47125 0.0323
0.47886 0.040901
0.52792 0.034679
0.52177 0.040286
0.4627 0.026292
0.46459 0.026996
0.51165 0.040267
0.49512 0.040722
0.46965 0.036023
0.46681 0.03254
0.49907 0.042429
0.47116 0.042075
0.48454 0.040181
0.56611 0.021016
0.56883 0.02438
0.59044 0.021524
0.59816 0.026001
0.57786 0.028888
0.58922 0.031027
0.5809 0.038766
0.58947 0.039271
0.61046 0.03707
0.56352 0.032967
0.54942 0.031214
0.62075 0.040089
0.63035 0.03945
0.54145 0.036492
0.52537 0.039952
0.6109 0.037994
0.56515 0.03978
0.52237 0.040442
0.53277 0.040739
0.55257 0.039659
0.60099 0.022566
0.62385 0.029699
0.61719 0.026917
0.64319 0.041752
0.61685 0.031654
0.82222 0.039403
0.63764 0.042309
0.6234 0.040024
0.59779 0.040722
0.57316 0.039674
0.62238 0.022483
0.88652 0.0391
0.63365 0.024958
0.91317 0.038808
0.87205 0.038043
0.92946 0.038747
0.64749 0.042647
0.70342 0.040832
0.65001 0.042799
0.80306 0.03774
0.95419 0.036703
0.96068 0.037496
0.64136 0.023634
0.96267 0.037715
0.65752 0.041722
0.96359 0.037853
0.96304 0.037773
0.96364 0.037858
0.65141 0.031959
0.78544 0.038736
0.6543 0.031126
0.96344 0.037767
0.96359 0.03783
0.65474 0.023798
0.96308 0.037671
0.66576 0.041177
0.69665 0.041246
0.96331 0.037731
0.96117 0.037332
0.66806 0.041263
0.73148 0.043111
0.66607 0.03028
0.6806 0.043542
0.95935 0.037113
0.67415 0.042098
0.9307 0.037849
0.67182 0.026564
0.71092 0.040733
0.93765 0.037674
0.91954 0.035355
0.67375 0.024083
0.89076 0.036864
0.68234 0.035401
0.69426 0.041153
0.86526 0.036822
0.8408 0.037755
0.68858 0.035079
0.80386 0.03688
0.69103 0.039304
0.77648 0.037535
0.76495 0.039174
0.69218 0.025228
0.7546 0.038919
0.69891 0.027332
0.75001 0.039272
0.75467 0.038917
0.75305 0.039007
0.7025 0.023232
0.74857 0.039743
0.70982 0.037109
0.75902 0.039112
0.74906 0.039548
0.75373 0.038739
0.71244 0.035564
0.76973 0.038044
0.71925 0.022758
0.73136 0.042091
0.76592 0.038597
0.78607 0.037609
0.72553 0.022559
0.73464 0.042528
0.7288 0.037491
0.73751 0.042417
0.7972 0.039185
0.81133 0.033786
0.73328 0.023646
0.74066 0.041979
0.73741 0.038565
0.7451 0.038791
0.82801 0.039124
0.83151 0.038567
0.73926 0.030744
0.76009 0.033797
0.74891 0.030813
0.7666 0.0333
0.83199 0.037971
0.84407 0.036742
0.74967 0.027813
0.77954 0.029779
0.76198 0.024412
0.85623 0.036541
0.85104 0.037412
0.86095 0.034148
0.77231 0.021615
0.79537 0.029577
0.78417 0.024182
0.88737 0.031722
0.79484 0.023272
0.83571 0.030046
0.81968 0.023551
0.8476 0.029051
0.89622 0.031819
0.83804 0.025462
0.92238 0.030342
0.84971 0.02514
0.93686 0.029057
0.92802 0.030049
0.93523 0.029387
0.86113 0.021428
0.89288 0.024353
0.88595 0.021947
0.95518 0.027335
0.94951 0.027099
0.95936 0.027484
0.92243 0.022161
0.92758 0.023263
0.97207 0.021803
0.97544 0.023788
0.96337 0.027803
