345
0.021435 0.023813
0.020632 0.031174
0.040828 0.023227
0.023378 0.031191
0.021881 0.031174
0.024124 0.031175
0.055064 0.02113
0.03827 0.027818
0.063325 0.02428
0.029257 0.032176
0.026663 0.031538
0.090447 0.021016
0.03097 0.032012
0.11522 0.020844
0.032612 0.031637
0.031746 0.031841
0.034126 0.031345
0.14059 0.020791
0.0851 0.026607
0.15209 0.025722
0.058884 0.028986
0.039119 0.030436
0.050573 0.028507
0.16948 0.023371
0.072876 0.029531
0.17973 0.021423
0.094709 0.030078
0.080996 0.029018
0.094967 0.030098
0.18913 0.024881
0.1261 0.027703
0.20573 0.021539
0.1647 0.030027
0.12914 0.02824
0.13608 0.030682
0.21491 0.023483
0.16875 0.030996
0.22421 0.02256
0.1996 0.030801
0.13538 0.030971
0.13543 0.031398
0.22525 0.02923
0.19108 0.031976
0.23415 0.024905
0.1911 0.033539
0.13286 0.031234
0.12519 0.030629
0.24283 0.027403
0.1191 0.030071
0.25261 0.022961
0.19372 0.036481
0.11953 0.030134
0.13053 0.032103
0.26088 0.026325
0.13434 0.033058
0.26377 0.028533
0.23157 0.036381
0.13566 0.033235
0.14048 0.033818
0.27391 0.02467
0.22852 0.038348
0.26126 0.033499
0.14316 0.035736
0.14114 0.034344
0.298 0.023319
0.14471 0.036473
0.30233 0.027352
0.24651 0.03818
0.14578 0.03678
0.14864 0.03687
0.31125 0.026855
0.14761 0.03713
0.30855 0.030231
0.14628 0.037428
0.14688 0.037279
0.14536 0.037573
0.31888 0.027547
0.29107 0.035243
0.32673 0.026153
0.13951 0.037143
0.14189 0.037893
0.13903 0.036873
0.32375 0.03105
0.29019 0.038484
0.31354 0.036561
0.089034 0.036168
0.055563 0.033249
0.33291 0.02989
0.28245 0.036118
0.33122 0.031508
0.20507 0.036452
0.038737 0.036336
0.037167 0.037497
0.32824 0.034977
0.037568 0.037751
0.33583 0.032439
0.16979 0.036944
0.03992 0.037802
0.044151 0.037519
0.34343 0.030129
0.26878 0.03744
0.3667 0.02414
0.045449 0.037839
0.043378 0.037948
0.045528 0.037832
0.34252 0.031959
0.12091 0.040038
0.34144 0.032846
0.12731 0.037404
0.046553 0.037681
0.36885 0.028892
0.13519 0.038916
0.37881 0.02387
0.073584 0.038717
0.049222 0.037286
0.049773 0.037267
0.37662 0.028918
0.050627 0.037227
0.33817 0.034951
0.050976 0.037224
0.050617 0.037227
0.050916 0.037225
0.36308 0.032426
0.052189 0.037289
0.39579 0.022082
0.18508 0.037867
0.21869 0.037565
0.099338 0.038825
0.096591 0.038772
0.40862 0.022532
0.3854 0.030424
0.42684 0.020779
0.42148 0.024239
0.38828 0.031368
0.41763 0.028161
0.35823 0.033159
0.40156 0.033061
0.39422 0.03274
0.095675 0.038564
0.10116 0.038807
0.42735 0.034309
0.42111 0.0388
0.30915 0.038415
0.38095 0.039236
0.40606 0.038049
0.36668 0.040504
0.38799 0.03782
0.34456 0.039054
0.33569 0.038704
0.43978 0.021381
0.43687 0.022917
0.4512 0.020232
0.44723 0.022774
0.43466 0.024958
0.457 0.021468
0.44824 0.026131
0.42219 0.034338
0.43413 0.03194
0.43653 0.033019
0.44635 0.030268
0.40268 0.039074
0.41896 0.04093
0.45003 0.028094
0.45326 0.02456
0.3447 0.039178
0.42596 0.039913
0.44977 0.036973
0.45709 0.027849
0.44792 0.039296
0.43164 0.036591
0.4554 0.038788
0.45492 0.028897
0.43746 0.038845
0.47098 0.020543
0.49 0.021916
0.52649 0.021162
0.50454 0.027551
0.49211 0.024477
0.52986 0.024401
0.46528 0.024509
0.47679 0.035715
0.56348 0.02729
0.53555 0.030934
0.46878 0.030162
0.47872 0.037616
0.53462 0.032774
0.52737 0.037643
0.45858 0.025591
0.46082 0.026118
0.51628 0.037397
0.49809 0.03818
0.4665 0.033477
0.46325 0.030782
0.50291 0.039556
0.46805 0.038214
0.4857 0.037484
0.57527 0.020979
0.57816 0.024324
0.59884 0.021574
0.60652 0.026253
0.58698 0.029216
0.59765 0.03138
0.58999 0.039758
0.5977 0.039868
0.61818 0.038608
0.57261 0.032257
0.55758 0.03101
0.62644 0.040908
0.63583 0.038409
0.54944 0.035834
0.53147 0.037423
0.61859 0.039585
0.5747 0.038875
0.52804 0.037791
0.53977 0.038647
0.55995 0.039092
0.60922 0.022683
0.63044 0.030037
0.62399 0.027351
0.65213 0.03772
0.62368 0.032408
0.8277 0.042296
0.64414 0.0392
0.62898 0.04073
0.60628 0.040952
0.5838 0.039919
0.62896 0.022586
0.88289 0.038763
0.6403 0.024485
0.91076 0.038143
0.86934 0.039622
0.92758 0.038256
0.65832 0.039335
0.7189 0.038841
0.66183 0.040104
0.81222 0.041772
0.95314 0.036053
0.95989 0.036815
0.64962 0.022998
0.96197 0.037024
0.66881 0.040811
0.96292 0.037156
0.96235 0.03708
0.96298 0.037162
0.66206 0.030685
0.79703 0.041081
0.66502 0.030277
0.96277 0.037074
0.96293 0.037134
0.66546 0.023526
0.96239 0.036982
0.67583 0.040315
0.71129 0.038803
0.96264 0.037039
0.9604 0.036657
0.67779 0.040123
0.74746 0.044279
0.67685 0.029827
0.69225 0.040353
0.95851 0.036447
0.68433 0.039975
0.92884 0.037391
0.68289 0.026023
0.72706 0.039749
0.93597 0.037142
0.91738 0.034867
0.68513 0.023691
0.88736 0.03608
0.6948 0.033425
0.70858 0.038668
0.86325 0.039128
0.84422 0.041059
0.70213 0.033225
0.81269 0.040853
0.70491 0.036974
0.78869 0.04044
0.7796 0.042596
0.70626 0.024602
0.77062 0.040953
0.71387 0.026519
0.76599 0.040559
0.77069 0.040962
0.76905 0.040787
0.7179 0.022911
0.76456 0.040826
0.72592 0.036143
0.77474 0.041837
0.76504 0.040697
0.76971 0.040615
0.7287 0.035035
0.78329 0.041579
0.73558 0.022821
0.74731 0.04328
0.7803 0.042102
0.79743 0.039879
0.7415 0.022714
0.7505 0.043567
0.74472 0.038666
0.75334 0.043329
0.80795 0.042645
0.81799 0.037121
0.74868 0.023869
0.75657 0.042766
0.75303 0.039565
0.7609 0.039619
0.833 0.04154
0.83615 0.04108
0.75438 0.031288
0.77473 0.035895
0.7638 0.031391
0.78001 0.035946
0.83648 0.040514
0.84656 0.040175
0.7644 0.028268
0.79015 0.031268
0.77554 0.025135
0.85591 0.039829
0.85205 0.041371
0.85934 0.036518
0.78405 0.021923
0.80448 0.031208
0.79426 0.024727
0.88376 0.031445
0.80392 0.023815
0.83837 0.031615
0.82387 0.02422
0.84814 0.031028
0.89311 0.03125
0.84027 0.02638
0.92031 0.030029
0.84981 0.026321
0.93516 0.02879
0.92609 0.029777
0.9335 0.02912
0.85904 0.021667
0.88958 0.024131
0.88225 0.021921
0.95417 0.02705
0.94827 0.026828
0.95852 0.027193
0.92037 0.022096
0.92564 0.023174
0.97175 0.021733
0.97526 0.02364
0.9627 0.027499
