345
0.021954 0.022799
0.020754 0.028241
0.052956 0.022075
0.024031 0.028255
0.022245 0.028241
0.024922 0.028242
0.070606 0.021002
0.045811 0.025064
0.078443 0.023917
0.030924 0.028355
0.027915 0.028258
0.10787 0.021112
0.033083 0.028269
0.12564 0.021264
0.035354 0.028068
0.034136 0.028176
0.037592 0.027858
0.14861 0.020793
0.097659 0.026319
0.15893 0.025815
0.065216 0.02749
0.044864 0.027159
0.057532 0.026645
0.17718 0.023153
0.078978 0.02848
0.18867 0.021304
0.10387 0.029558
0.089051 0.028381
0.10421 0.029584
0.19856 0.024733
0.133 0.028811
0.21558 0.021489
0.17473 0.029296
0.13607 0.028794
0.14475 0.030334
0.22511 0.023075
0.17919 0.029958
0.2371 0.021873
0.2188 0.030018
0.14398 0.030581
0.14418 0.030956
0.24125 0.026688
0.21005 0.030556
0.25225 0.023298
0.21321 0.031663
0.14086 0.031065
0.13152 0.032126
0.26456 0.025286
0.12604 0.033207
0.27776 0.02233
0.2264 0.034923
0.12635 0.033183
0.13765 0.032183
0.28775 0.025579
0.14317 0.032431
0.29153 0.02776
0.26512 0.03095
0.14508 0.032555
0.15229 0.033121
0.30163 0.024641
0.2676 0.033121
0.2945 0.032292
0.15684 0.034686
0.15352 0.033559
0.3256 0.02325
0.15883 0.03542
0.33094 0.027333
0.29199 0.038557
0.16021 0.035805
0.16365 0.036284
0.339 0.026606
0.16296 0.036686
0.33938 0.029625
0.16198 0.037164
0.16238 0.036896
0.16116 0.037311
0.34754 0.025941
0.32832 0.03514
0.35802 0.025126
0.15334 0.036108
0.15755 0.037172
0.15231 0.035806
0.35738 0.028703
0.33348 0.040029
0.35503 0.033898
0.083501 0.034492
0.058603 0.030902
0.37009 0.0288
0.32133 0.036607
0.3709 0.030139
0.25069 0.036167
0.041691 0.032708
0.039076 0.034135
0.37336 0.0326
0.038937 0.034713
0.37825 0.031917
0.18738 0.037061
0.040136 0.035697
0.042446 0.036919
0.38357 0.032038
0.30785 0.037062
0.39419 0.026262
0.042768 0.039069
0.04161 0.038023
0.042823 0.039095
0.38683 0.035162
0.11331 0.040457
0.38764 0.036503
0.13132 0.038198
0.043635 0.039158
0.39814 0.034983
0.14638 0.037972
0.40176 0.026438
0.074035 0.039378
0.045912 0.039227
0.046404 0.039228
0.40236 0.03458
0.047167 0.039192
0.38853 0.039184
0.047479 0.039162
0.047158 0.039193
0.047426 0.039169
0.39817 0.041489
0.048616 0.038963
0.41025 0.024369
0.21331 0.037426
0.26677 0.037403
0.091962 0.03908
0.090283 0.03937
0.4166 0.024852
0.40968 0.039301
0.4281 0.021016
0.42388 0.026104
0.41318 0.041681
0.42467 0.031675
0.39688 0.043162
0.42256 0.041204
0.41857 0.043175
0.089251 0.038523
0.093012 0.039166
0.45908 0.033942
0.46391 0.039338
0.36294 0.040157
0.43222 0.042264
0.461 0.041391
0.46442 0.051649
0.45192 0.039644
0.46512 0.055881
0.4681 0.06324
0.46924 0.021418
0.46711 0.022923
0.47947 0.020209
0.47521 0.022707
0.46482 0.024857
0.48779 0.021341
0.47623 0.025826
0.44235 0.031499
0.47093 0.0352
0.47292 0.036613
0.47447 0.030505
0.47259 0.059572
0.47453 0.059348
0.47813 0.027437
0.48225 0.024025
0.47043 0.068493
0.47732 0.065323
0.47743 0.0394
0.48791 0.027191
0.48108 0.058909
0.48171 0.07832
0.48133 0.036881
0.48484 0.027812
0.48246 0.071292
0.49927 0.020922
0.50947 0.022927
0.52965 0.022377
0.51776 0.033185
0.51063 0.027072
0.53128 0.029173
0.49583 0.026417
0.49903 0.049268
0.54416 0.034361
0.52843 0.044344
0.49804 0.0365
0.49872 0.065458
0.52692 0.04881
0.51709 0.065295
0.48986 0.025404
0.49217 0.02653
0.51168 0.064628
0.5079 0.050811
0.49673 0.040294
0.4945 0.033656
0.50474 0.069158
0.49562 0.08298
0.50188 0.051613
0.554 0.021744
0.55562 0.027496
0.56734 0.022933
0.57096 0.030291
0.55705 0.035966
0.56191 0.040014
0.55304 0.050658
0.55528 0.05285
0.57858 0.038279
0.54553 0.042691
0.53783 0.043074
0.58527 0.045422
0.59113 0.042749
0.53025 0.053818
0.52032 0.063335
0.57883 0.039174
0.54058 0.054803
0.51712 0.066595
0.52362 0.063669
0.5319 0.059919
0.57298 0.024125
0.5914 0.031374
0.58697 0.028008
0.60883 0.035833
0.58577 0.033491
0.80689 0.035446
0.59728 0.040848
0.58631 0.045088
0.5608 0.051836
0.5447 0.054658
0.59076 0.022895
0.88036 0.038876
0.60046 0.024469
0.90765 0.039117
0.86899 0.039308
0.92348 0.039138
0.61986 0.040341
0.68362 0.039593
0.62385 0.041461
0.79519 0.036407
0.94934 0.037677
0.95557 0.037733
0.61045 0.02272
0.95795 0.037773
0.62964 0.043155
0.95922 0.037789
0.95843 0.037781
0.9593 0.037786
0.62413 0.030181
0.76887 0.039094
0.6271 0.030107
0.95905 0.037698
0.95925 0.037755
0.62768 0.023488
0.95856 0.037642
0.63649 0.040856
0.67684 0.039282
0.95888 0.037674
0.95631 0.03749
0.63889 0.040179
0.70697 0.040612
0.63907 0.029282
0.65289 0.043927
0.95441 0.037374
0.64596 0.041055
0.92665 0.036695
0.6461 0.026172
0.69168 0.038334
0.93328 0.037718
0.91606 0.035274
0.64842 0.023885
0.88555 0.035517
0.65622 0.033734
0.67447 0.037943
0.86181 0.037444
0.84032 0.040508
0.66509 0.032409
0.79633 0.034545
0.67005 0.035323
0.76212 0.037448
0.74875 0.03831
0.6695 0.024325
0.73652 0.041593
0.67634 0.026315
0.7331 0.04279
0.73658 0.041575
0.73523 0.041993
0.68081 0.022816
0.73187 0.043202
0.69019 0.034338
0.74106 0.039391
0.73233 0.042923
0.73595 0.041237
0.69346 0.033496
0.75675 0.036561
0.70061 0.022418
0.70899 0.036663
0.75056 0.037057
0.77042 0.035906
0.70728 0.022201
0.7127 0.037212
0.70838 0.033849
0.71745 0.037749
0.78887 0.034295
0.80217 0.032175
0.71674 0.022769
0.72349 0.038922
0.72017 0.033816
0.73032 0.038674
0.82213 0.032238
0.83059 0.033302
0.72608 0.028809
0.74347 0.033449
0.73487 0.032406
0.75209 0.03178
0.83191 0.033153
0.84297 0.038461
0.73577 0.029149
0.76568 0.029367
0.74623 0.024087
0.85214 0.037666
0.84645 0.040961
0.85874 0.033953
0.75952 0.021416
0.78505 0.027488
0.77147 0.023885
0.88433 0.031352
0.78425 0.022558
0.83767 0.029062
0.81267 0.022818
0.84719 0.030551
0.89432 0.03052
0.83993 0.025407
0.92164 0.029882
0.8488 0.025987
0.93805 0.028685
0.92812 0.029303
0.9363 0.028767
0.86012 0.021407
0.89138 0.02406
0.88419 0.021922
0.9549 0.02786
0.95028 0.027949
0.95866 0.027858
0.92233 0.022068
0.92809 0.023026
0.972 0.021783
0.97541 0.023758
0.96306 0.027931
