345
0.021291 0.024238
0.020574 0.032418
0.038732 0.02358
0.023072 0.032437
0.021711 0.032418
0.02375 0.03242
0.051615 0.021212
0.036439 0.028683
0.059405 0.024466
0.028479 0.033533
0.026075 0.032823
0.085724 0.021027
0.030038 0.033364
0.11043 0.02087
0.031516 0.032941
0.030738 0.033172
0.032878 0.03261
0.13718 0.020754
0.080241 0.026761
0.14869 0.02582
0.055095 0.029516
0.037341 0.03158
0.047524 0.029401
0.16545 0.023549
0.068778 0.029879
0.17517 0.021497
0.089979 0.02982
0.076595 0.029302
0.090239 0.029818
0.18412 0.025107
0.1213 0.027347
0.20005 0.021608
0.16092 0.030472
0.12463 0.027678
0.13221 0.02991
0.20883 0.023638
0.16476 0.031563
0.21773 0.022668
0.19418 0.031262
0.13141 0.030134
0.1314 0.03053
0.21874 0.029619
0.18599 0.032512
0.22728 0.025096
0.18601 0.034144
0.1286 0.030327
0.12022 0.030212
0.23564 0.027629
0.11407 0.030128
0.24521 0.023022
0.18853 0.037176
0.11447 0.03016
0.12584 0.031175
0.2533 0.026341
0.12991 0.031989
0.25618 0.028486
0.22481 0.037046
0.13138 0.032234
0.13675 0.03315
0.26661 0.0245
0.22188 0.03911
0.25369 0.03352
0.13954 0.035207
0.13743 0.033703
0.29329 0.02302
0.14109 0.03606
0.29851 0.027216
0.23925 0.038673
0.14214 0.036459
0.14501 0.036821
0.30637 0.02785
0.14396 0.036978
0.30422 0.031009
0.14262 0.037142
0.14322 0.037054
0.14168 0.037193
0.31287 0.029164
0.28615 0.033231
0.3191 0.027645
0.13529 0.036201
0.13798 0.037154
0.13475 0.035899
0.31683 0.033597
0.28576 0.036124
0.31041 0.039721
0.08405 0.036432
0.052112 0.034135
0.32409 0.031587
0.27599 0.034851
0.32282 0.033843
0.19942 0.037177
0.037749 0.038062
0.036389 0.039352
0.32075 0.038618
0.036807 0.039624
0.32641 0.03392
0.16574 0.03785
0.039093 0.039647
0.042637 0.039329
0.33351 0.029915
0.26142 0.037096
0.35841 0.024094
0.043768 0.039704
0.042038 0.03982
0.043834 0.039697
0.33237 0.031968
0.11318 0.040171
0.33114 0.033165
0.12081 0.036539
0.044678 0.039515
0.36069 0.028821
0.12992 0.037389
0.37127 0.023794
0.069886 0.039662
0.046886 0.039081
0.047346 0.03906
0.3691 0.028593
0.048059 0.039003
0.32816 0.036239
0.048349 0.038974
0.04805 0.039004
0.048299 0.03898
0.35489 0.032124
0.04936 0.03888
0.3874 0.022231
0.18022 0.038737
0.21244 0.03833
0.093639 0.038331
0.091046 0.038261
0.39969 0.022533
0.37817 0.03084
0.41839 0.020773
0.41316 0.024117
0.38106 0.032179
0.40887 0.027948
0.35036 0.032532
0.39296 0.033709
0.38647 0.033615
0.090206 0.038076
0.095225 0.038405
0.41977 0.034511
0.4152 0.037945
0.30737 0.040736
0.37494 0.039509
0.39813 0.038423
0.35851 0.040015
0.38201 0.039128
0.33442 0.038492
0.32635 0.041075
0.43066 0.02151
0.42811 0.02319
0.44089 0.02024
0.43697 0.02296
0.42616 0.025387
0.44693 0.02146
0.43792 0.026465
0.415 0.033799
0.42572 0.032938
0.42775 0.034198
0.43596 0.03112
0.39481 0.040064
0.41394 0.04051
0.43969 0.028477
0.44301 0.02464
0.33457 0.03859
0.41971 0.040589
0.43818 0.037791
0.44703 0.027807
0.43585 0.041105
0.42392 0.037754
0.44445 0.039253
0.44471 0.028933
0.42817 0.040559
0.46044 0.020619
0.47667 0.022128
0.50143 0.021906
0.48856 0.031144
0.47855 0.025167
0.50346 0.027076
0.4553 0.024834
0.4662 0.038301
0.52988 0.027765
0.50608 0.037
0.45903 0.031404
0.46788 0.040835
0.50525 0.040081
0.50056 0.050706
0.44869 0.025584
0.45094 0.026247
0.49537 0.05161
0.48535 0.044359
0.45753 0.0347
0.45361 0.031319
0.4888 0.050787
0.4602 0.040997
0.47368 0.039885
0.54104 0.020995
0.54388 0.024293
0.56443 0.021661
0.57156 0.02614
0.55315 0.029257
0.56338 0.032065
0.55716 0.040051
0.56372 0.041354
0.58423 0.036918
0.53832 0.032764
0.52418 0.031864
0.59339 0.041006
0.60098 0.038351
0.51523 0.039183
0.5028 0.049398
0.58468 0.037905
0.54006 0.039426
0.50091 0.050895
0.50745 0.048312
0.52633 0.040451
0.57447 0.022571
0.59724 0.029635
0.59121 0.026992
0.61506 0.036007
0.59088 0.031784
0.82734 0.039693
0.60699 0.039023
0.5951 0.040914
0.57023 0.041875
0.54933 0.039959
0.5959 0.022481
0.89227 0.039026
0.60778 0.02422
0.91956 0.038128
0.87725 0.038389
0.93644 0.039171
0.62205 0.035927
0.69587 0.038368
0.62613 0.035852
0.81055 0.039847
0.95596 0.039806
0.96079 0.039799
0.61735 0.022702
0.96277 0.039734
0.63822 0.035916
0.96367 0.039746
0.96313 0.039742
0.96372 0.039744
0.63204 0.028302
0.79332 0.03685
0.63643 0.027963
0.96353 0.039673
0.96368 0.039719
0.63718 0.022732
0.96318 0.039622
0.64892 0.036264
0.6887 0.038737
0.96341 0.039652
0.96129 0.039535
0.65181 0.036355
0.73085 0.037998
0.65184 0.027974
0.66877 0.038038
0.95969 0.03956
0.65983 0.036774
0.93757 0.038437
0.65924 0.025009
0.70413 0.03769
0.94402 0.03975
0.92546 0.034781
0.66193 0.023101
0.89597 0.036879
0.67265 0.031731
0.68625 0.03828
0.87035 0.037728
0.84641 0.038361
0.68091 0.032325
0.81117 0.038989
0.68321 0.036118
0.78269 0.035306
0.76864 0.037233
0.68578 0.024458
0.75764 0.038656
0.69315 0.026553
0.75344 0.039555
0.7577 0.038643
0.75621 0.038992
0.6971 0.02285
0.7521 0.039616
0.70383 0.034614
0.76172 0.038154
0.75256 0.03957
0.75685 0.038614
0.70742 0.033099
0.7745 0.035561
0.71694 0.022202
0.73087 0.037027
0.76987 0.036558
0.79399 0.035948
0.7251 0.021996
0.73558 0.037986
0.72809 0.033468
0.73985 0.038817
0.80593 0.040064
0.81733 0.035107
0.73515 0.022862
0.74454 0.039456
0.73998 0.035471
0.74893 0.037732
0.83346 0.039152
0.83715 0.038777
0.74295 0.029331
0.76335 0.032951
0.75274 0.030856
0.77108 0.031737
0.83767 0.038196
0.84964 0.037451
0.75349 0.027922
0.78629 0.028585
0.76594 0.024061
0.86152 0.03741
0.8565 0.038308
0.86593 0.034904
0.77789 0.021399
0.80364 0.029774
0.79146 0.023716
0.89181 0.031785
0.80313 0.023317
0.84171 0.030267
0.82561 0.023665
0.85308 0.029492
0.9007 0.031632
0.84392 0.025612
0.92756 0.029981
0.85511 0.025402
0.94211 0.029983
0.93336 0.030027
0.9407 0.030164
0.8659 0.021504
0.89685 0.024359
0.89013 0.021957
0.95703 0.02862
0.95242 0.028687
0.96042 0.028537
0.92747 0.022087
0.93278 0.023242
0.97246 0.021897
0.97567 0.023986
0.9642 0.028629
