345
0.023564 0.021535
0.021375 0.024519
0.076399 0.021518
0.027351 0.024527
0.024094 0.024519
0.028976 0.024519
0.095465 0.021097
0.065262 0.023195
0.10227 0.024735
0.039921 0.024648
0.034434 0.024547
0.12516 0.021445
0.043759 0.024654
0.14002 0.021449
0.047863 0.024596
0.045656 0.024628
0.051901 0.024559
0.15842 0.02114
0.11753 0.028143
0.16544 0.029827
0.090609 0.027528
0.063803 0.02447
0.082207 0.025446
0.17479 0.02658
0.10274 0.030269
0.17978 0.022926
0.12163 0.032597
0.11054 0.030681
0.12187 0.032657
0.18427 0.030908
0.14655 0.03062
0.19121 0.023685
0.17254 0.038971
0.14915 0.030937
0.15523 0.034102
0.19497 0.027788
0.17426 0.041068
0.19961 0.024661
0.18817 0.046272
0.15464 0.034321
0.15471 0.034853
0.20019 0.036418
0.18443 0.046813
0.20582 0.027688
0.18413 0.050157
0.15232 0.034478
0.14451 0.034459
0.21149 0.031267
0.13918 0.035371
0.21788 0.024523
0.18405 0.057886
0.13947 0.035354
0.14976 0.035403
0.22329 0.02922
0.15373 0.036652
0.22538 0.032073
0.20476 0.046014
0.15504 0.037149
0.15969 0.039786
0.23303 0.026667
0.20236 0.050325
0.22399 0.039266
0.1622 0.043489
0.16038 0.040782
0.24874 0.024786
0.16317 0.045265
0.25188 0.030483
0.21531 0.048532
0.16373 0.046236
0.16511 0.047888
0.25788 0.029301
0.1647 0.048218
0.25619 0.033906
0.16415 0.048541
0.16439 0.048318
0.16376 0.048486
0.26395 0.028369
0.24549 0.042708
0.27167 0.026552
0.15965 0.044242
0.162 0.047154
0.15908 0.043474
0.2682 0.031669
0.24596 0.048829
0.26184 0.040407
0.10356 0.038206
0.083412 0.029175
0.27836 0.03022
0.24006 0.045036
0.2774 0.031982
0.18887 0.059909
0.058885 0.027686
0.054501 0.028328
0.27583 0.035591
0.054263 0.028656
0.28102 0.03311
0.17325 0.055309
0.05629 0.029349
0.060091 0.030309
0.28733 0.030873
0.23083 0.044452
0.31123 0.023635
0.060569 0.031656
0.058746 0.030892
0.060651 0.031678
0.28651 0.033029
0.12416 0.044733
0.28542 0.03416
0.14305 0.041356
0.061882 0.031811
0.31366 0.027941
0.15486 0.044126
0.32561 0.023476
0.094161 0.042229
0.065337 0.032142
0.066086 0.03221
0.32315 0.027834
0.067252 0.032297
0.2828 0.036527
0.067729 0.032323
0.067238 0.032296
0.067647 0.03232
0.30631 0.031224
0.069474 0.032432
0.34236 0.022108
0.17931 0.060081
0.19545 0.05755
0.10635 0.044127
0.10501 0.044179
0.3561 0.022165
0.33316 0.030267
0.38142 0.020476
0.37305 0.022816
0.33599 0.031667
0.36689 0.025918
0.30106 0.032468
0.34773 0.03239
0.34141 0.032929
0.1048 0.043393
0.10711 0.044255
0.38159 0.028892
0.3707 0.032371
0.25998 0.047511
0.32995 0.039129
0.35159 0.036044
0.30807 0.038635
0.33684 0.038788
0.28921 0.040983
0.28187 0.043064
0.40024 0.021146
0.3973 0.022297
0.41261 0.020188
0.40791 0.022392
0.39483 0.023732
0.42059 0.021182
0.40905 0.025189
0.37384 0.029261
0.3932 0.028749
0.39575 0.029912
0.40638 0.029012
0.34791 0.038137
0.3651 0.035601
0.41115 0.026668
0.41527 0.023647
0.28935 0.0412
0.37689 0.033464
0.40694 0.034276
0.42074 0.026326
0.40343 0.036925
0.38778 0.031338
0.41423 0.034805
0.41755 0.027096
0.39451 0.034137
0.43593 0.020586
0.45483 0.021623
0.4899 0.021251
0.46987 0.028388
0.45719 0.023991
0.49314 0.024747
0.43055 0.024547
0.43797 0.036392
0.52496 0.027166
0.49791 0.03164
0.43437 0.030867
0.43786 0.039372
0.49752 0.03359
0.48905 0.040964
0.42295 0.024591
0.42572 0.025252
0.47643 0.042313
0.46182 0.036941
0.43217 0.033894
0.42869 0.030135
0.46403 0.042242
0.43289 0.04189
0.44583 0.035641
0.5375 0.020879
0.54049 0.023707
0.56623 0.021401
0.57437 0.025252
0.55193 0.027311
0.56501 0.02993
0.5619 0.035587
0.56917 0.037449
0.58992 0.033243
0.53511 0.031411
0.51932 0.031068
0.60141 0.039102
0.60886 0.037586
0.51102 0.035735
0.49466 0.040062
0.59046 0.034064
0.53976 0.036762
0.48994 0.041292
0.50291 0.040022
0.52369 0.03823
0.57753 0.022206
0.60498 0.028741
0.59861 0.026038
0.62441 0.037107
0.59827 0.030165
0.81114 0.040066
0.61646 0.038778
0.60303 0.038842
0.57683 0.03892
0.55103 0.035945
0.60372 0.022212
0.87401 0.04183
0.61601 0.024199
0.89464 0.040475
0.86503 0.04116
0.91212 0.037796
0.63293 0.03956
0.69748 0.038724
0.63648 0.039775
0.79996 0.040767
0.93941 0.034418
0.94717 0.033976
0.62515 0.022991
0.95014 0.033841
0.64619 0.041153
0.95174 0.033758
0.95074 0.033811
0.95184 0.03375
0.63767 0.030052
0.77544 0.041955
0.6413 0.030031
0.95152 0.033701
0.95177 0.03373
0.64188 0.023462
0.95091 0.033693
0.65352 0.042502
0.69025 0.038591
0.9513 0.033695
0.94809 0.033743
0.65541 0.042786
0.72619 0.039827
0.65292 0.030909
0.66701 0.041593
0.94572 0.033742
0.66007 0.042541
0.91507 0.035608
0.65819 0.026806
0.70692 0.037641
0.92157 0.036675
0.90276 0.034485
0.66014 0.024097
0.87727 0.038484
0.66921 0.032633
0.68836 0.038113
0.85753 0.037717
0.83737 0.043543
0.67863 0.032396
0.80024 0.039455
0.68397 0.035989
0.77155 0.041769
0.7642 0.041723
0.68278 0.024488
0.75557 0.040234
0.68904 0.026515
0.75163 0.040243
0.75563 0.040237
0.75417 0.040206
0.69294 0.022877
0.74998 0.040227
0.70424 0.034079
0.75956 0.040633
0.75054 0.04017
0.75474 0.039886
0.70697 0.033041
0.76811 0.041521
0.71324 0.022373
0.72584 0.037562
0.76495 0.041158
0.7771 0.039665
0.72073 0.022151
0.72955 0.038216
0.72378 0.034174
0.73409 0.038459
0.79389 0.039138
0.80425 0.036729
0.72972 0.022898
0.73975 0.038452
0.73447 0.034675
0.74534 0.037128
0.82125 0.03638
0.82776 0.037449
0.7383 0.028608
0.75942 0.034778
0.74887 0.031027
0.76508 0.035264
0.82853 0.037064
0.8384 0.041369
0.7495 0.028124
0.77448 0.032045
0.76048 0.024706
0.84627 0.037858
0.84174 0.042683
0.85188 0.033977
0.77021 0.021926
0.79061 0.029542
0.77914 0.024827
0.87474 0.033324
0.79003 0.023238
0.83148 0.031041
0.81121 0.023624
0.83925 0.03163
0.88297 0.032444
0.8331 0.02641
0.90862 0.029237
0.84065 0.026491
0.92598 0.027893
0.91567 0.028709
0.92411 0.02813
0.8518 0.021415
0.88013 0.024765
0.87386 0.022245
0.94624 0.026209
0.94041 0.026431
0.95098 0.026097
0.9094 0.021929
0.91564 0.022833
0.96891 0.021287
0.97363 0.02271
0.9566 0.026007
