345
0.021237 0.024423
0.020479 0.033021
0.03953 0.02406
0.022562 0.033044
0.021427 0.033021
0.023128 0.033023
0.048727 0.02171
0.036133 0.029309
0.053516 0.02689
0.026948 0.033194
0.02503 0.033048
0.069482 0.022037
0.02831 0.033181
0.078354 0.02282
0.029737 0.033198
0.028971 0.033194
0.031146 0.033177
0.087699 0.021859
0.063484 0.031963
0.092965 0.032667
0.045645 0.033761
0.035686 0.033036
0.041756 0.033291
0.10055 0.027484
0.053983 0.034986
0.10528 0.02313
0.067321 0.037424
0.059532 0.035964
0.067525 0.037464
0.10967 0.031204
0.082859 0.041012
0.11639 0.023289
0.10284 0.041844
0.084271 0.041441
0.088671 0.044169
0.12101 0.02598
0.10537 0.044131
0.12792 0.023476
0.11939 0.041541
0.088439 0.044792
0.088676 0.045547
0.13053 0.03299
0.11685 0.045083
0.13555 0.02713
0.11819 0.047329
0.087288 0.04627
0.083264 0.047529
0.14079 0.031247
0.080778 0.048257
0.14763 0.023685
0.12436 0.049369
0.08095 0.048286
0.086264 0.048795
0.15523 0.027429
0.088837 0.048725
0.15838 0.030605
0.14245 0.043418
0.089734 0.048706
0.093538 0.048827
0.16511 0.028435
0.14374 0.047446
0.16132 0.038152
0.097116 0.051044
0.094472 0.049467
0.17565 0.026789
0.098785 0.052214
0.17827 0.033614
0.16066 0.046557
0.099873 0.052924
0.1026 0.054959
0.18321 0.030371
0.10243 0.055497
0.18336 0.035035
0.10208 0.056027
0.10217 0.055664
0.10161 0.056036
0.18914 0.029085
0.17718 0.050502
0.19553 0.028467
0.096042 0.054338
0.099312 0.055654
0.095201 0.053963
0.19481 0.034357
0.17886 0.057209
0.19294 0.043055
0.058604 0.046386
0.042653 0.041517
0.2023 0.034275
0.17404 0.059283
0.2025 0.036418
0.13907 0.06317
0.034417 0.042457
0.032748 0.044223
0.20343 0.04036
0.032703 0.04517
0.20646 0.039153
0.11505 0.065385
0.033615 0.04724
0.035412 0.05063
0.20932 0.039136
0.16988 0.060317
0.21788 0.028158
0.035986 0.05717
0.034995 0.053034
0.036031 0.057315
0.21005 0.043793
0.073169 0.05663
0.20992 0.046179
0.085272 0.05956
0.036599 0.05791
0.21931 0.037071
0.093312 0.059995
0.22466 0.026475
0.053155 0.052152
0.038105 0.059186
0.038384 0.059345
0.22475 0.034274
0.038794 0.059396
0.20858 0.052488
0.038952 0.059356
0.038789 0.059397
0.038926 0.05937
0.21638 0.048481
0.03946 0.058772
0.23475 0.023912
0.12195 0.066959
0.14211 0.064225
0.063449 0.059409
0.063049 0.060427
0.24161 0.024655
0.23543 0.037366
0.25284 0.021103
0.2487 0.026333
0.23996 0.040447
0.24968 0.032214
0.21313 0.055968
0.24866 0.041892
0.2452 0.044178
0.062116 0.056952
0.063862 0.059713
0.27698 0.036411
0.28458 0.037582
0.19406 0.060215
0.25812 0.046736
0.27921 0.042079
0.29196 0.040822
0.27077 0.046393
0.29778 0.040491
0.31154 0.041388
0.30373 0.021193
0.29055 0.022782
0.44057 0.020036
0.37994 0.020812
0.28407 0.025157
0.50442 0.020191
0.38983 0.021474
0.26473 0.035255
0.31744 0.030312
0.3332 0.028689
0.36357 0.024506
0.32872 0.03374
0.33859 0.033864
0.40674 0.021397
0.46975 0.020735
0.32914 0.038063
0.34499 0.040378
0.35917 0.027956
0.50528 0.021024
0.3546 0.032248
0.35361 0.039849
0.3943 0.023698
0.48442 0.021192
0.36624 0.030294
0.61247 0.020092
0.65273 0.021212
0.70497 0.021081
0.67439 0.025309
0.65557 0.022829
0.70838 0.024489
0.57178 0.020648
0.62613 0.0242
0.73134 0.02838
0.70409 0.030596
0.59492 0.021399
0.62677 0.02595
0.70109 0.031635
0.67039 0.03858
0.51864 0.020712
0.53761 0.020752
0.65539 0.038709
0.65165 0.032854
0.58129 0.021836
0.55464 0.021569
0.64876 0.042971
0.64293 0.044417
0.64057 0.0306
0.74764 0.021033
0.75046 0.024446
0.76844 0.022438
0.77265 0.029904
0.75382 0.029599
0.76305 0.033861
0.74984 0.038298
0.75484 0.040666
0.78293 0.043053
0.73498 0.033239
0.72165 0.033174
0.81642 0.057314
0.82865 0.067685
0.71027 0.036259
0.68114 0.038514
0.78348 0.044262
0.72734 0.040623
0.6694 0.040233
0.69166 0.039807
0.71323 0.042199
0.77456 0.02429
0.79071 0.039519
0.78599 0.032692
0.80686 0.047046
0.78759 0.04077
0.90459 0.071437
0.83088 0.069033
0.82237 0.062002
0.76485 0.043598
0.7347 0.041444
0.78742 0.024922
0.93635 0.063776
0.79258 0.028342
0.9465 0.06581
0.93097 0.065576
0.95399 0.065236
0.81655 0.049121
0.85531 0.068233
0.81662 0.047852
0.90177 0.069379
0.96568 0.064584
0.9682 0.064639
0.79771 0.024812
0.96917 0.064706
0.81945 0.046401
0.96975 0.064702
0.96937 0.064715
0.96979 0.064687
0.80791 0.032828
0.89302 0.068503
0.81014 0.031747
0.9697 0.064387
0.96978 0.064565
0.80951 0.024023
0.96949 0.064229
0.82508 0.043111
0.85319 0.065084
0.96962 0.064319
0.9686 0.063838
0.8274 0.043248
0.86124 0.068471
0.82123 0.03039
0.84747 0.065568
0.96784 0.063549
0.83549 0.049303
0.95649 0.059105
0.82667 0.027775
0.85671 0.063579
0.95903 0.061844
0.95218 0.055911
0.82847 0.025112
0.93936 0.05704
0.83819 0.041667
0.85125 0.05919
0.92875 0.061143
0.91267 0.065131
0.84281 0.042247
0.90225 0.063561
0.84694 0.050747
0.89034 0.062975
0.88559 0.062873
0.84199 0.027911
0.88034 0.062687
0.84607 0.032364
0.87796 0.062071
0.88037 0.0627
0.87956 0.062378
0.84774 0.025687
0.87679 0.061754
0.85455 0.052062
0.88255 0.060188
0.87728 0.06144
0.88 0.06074
0.85551 0.04979
0.88831 0.059183
0.85706 0.02499
0.86152 0.054984
0.88623 0.059471
0.89343 0.058807
0.86031 0.024358
0.86287 0.054225
0.86125 0.048289
0.86485 0.052145
0.90011 0.058323
0.90408 0.05846
0.86518 0.024702
0.86868 0.049998
0.86681 0.042416
0.87519 0.047967
0.90956 0.057947
0.91203 0.056789
0.87145 0.032742
0.88338 0.04646
0.87825 0.039455
0.88685 0.045887
0.91275 0.054969
0.91739 0.054188
0.87842 0.034469
0.89239 0.041789
0.88437 0.028145
0.9256 0.052148
0.92051 0.053428
0.92902 0.051115
0.89035 0.023204
0.90049 0.038414
0.89555 0.029092
0.94019 0.047049
0.90099 0.02627
0.91768 0.03978
0.91077 0.028778
0.92415 0.036928
0.94446 0.045758
0.92014 0.030936
0.95616 0.043746
0.92601 0.029824
0.96336 0.041856
0.95906 0.042497
0.96256 0.041893
0.93205 0.023232
0.94479 0.030115
0.94195 0.024616
0.96999 0.040624
0.96825 0.040921
0.97138 0.040542
0.9574 0.024995
0.95979 0.027345
0.97684 0.024516
0.97819 0.029516
0.97316 0.040566
