345
0.020691 0.028056
0.021359 0.054177
0.030722 0.027061
0.027312 0.054307
0.024046 0.054177
0.028876 0.054188
0.036045 0.022725
0.038083 0.037381
0.042884 0.030478
0.040568 0.054404
0.034331 0.054071
0.050753 0.022655
0.044395 0.054074
0.057631 0.023337
0.048601 0.054066
0.046358 0.054069
0.052113 0.053746
0.065625 0.021803
0.062485 0.037791
0.075175 0.030493
0.068783 0.050526
0.059054 0.052002
0.065766 0.051088
0.08221 0.025292
0.07333 0.049467
0.089464 0.022196
0.079111 0.048788
0.075904 0.049118
0.079198 0.04878
0.095714 0.027798
0.087372 0.048655
0.10518 0.022383
0.10212 0.036629
0.088519 0.048818
0.097326 0.052294
0.1117 0.024441
0.10845 0.039289
0.12057 0.022766
0.11726 0.036283
0.098654 0.053868
0.10091 0.055774
0.12458 0.030731
0.11789 0.039174
0.12997 0.026192
0.1219 0.04256
0.10111 0.058222
0.10089 0.06255
0.1359 0.030456
0.10061 0.064406
0.14279 0.02364
0.12887 0.045652
0.10073 0.064439
0.10431 0.064864
0.15013 0.027447
0.10703 0.064969
0.15346 0.030663
0.14426 0.043169
0.10818 0.064959
0.1134 0.064623
0.16021 0.028252
0.14754 0.048132
0.15879 0.03806
0.11879 0.065436
0.11496 0.065293
0.17103 0.026426
0.12135 0.065776
0.17434 0.032719
0.16088 0.048436
0.12283 0.065745
0.12577 0.065991
0.17924 0.029675
0.12602 0.067318
0.18005 0.034048
0.12607 0.068841
0.12596 0.068051
0.1257 0.069517
0.18563 0.028971
0.1758 0.04897
0.1919 0.028835
0.11798 0.073806
0.12231 0.071951
0.11707 0.07408
0.19192 0.034906
0.17707 0.055206
0.19149 0.043698
0.088662 0.072783
0.075541 0.070949
0.19868 0.0359
0.16973 0.060644
0.19914 0.038336
0.15469 0.066477
0.058465 0.069938
0.050232 0.069608
0.20053 0.043157
0.047613 0.069669
0.20311 0.042053
0.13822 0.074322
0.042927 0.07008
0.035461 0.071693
0.20558 0.042291
0.16714 0.065692
0.21146 0.029907
0.026716 0.081686
0.030867 0.074572
0.026603 0.082074
0.20674 0.048016
0.097806 0.078769
0.20693 0.05087
0.1086 0.08032
0.026389 0.08348
0.2135 0.040964
0.11484 0.080863
0.21698 0.028188
0.063418 0.075316
0.026202 0.087565
0.026239 0.088077
0.21752 0.038043
0.026424 0.087699
0.20746 0.058285
0.026537 0.0872
0.02642 0.087715
0.026512 0.087329
0.21269 0.055245
0.027344 0.084079
0.22466 0.025174
0.14299 0.07822
0.15907 0.073656
0.064403 0.078412
0.060071 0.078689
0.22981 0.02629
0.22548 0.043138
0.23808 0.021492
0.23505 0.028641
0.22887 0.048155
0.23563 0.036669
0.21106 0.063997
0.23459 0.051319
0.23216 0.0546
0.069929 0.078253
0.064622 0.078599
0.25875 0.034988
0.26835 0.03663
0.20018 0.06814
0.24002 0.059428
0.26139 0.040309
0.27585 0.041316
0.24837 0.052958
0.28034 0.041016
0.29272 0.041707
0.2869 0.021161
0.27417 0.022776
0.43584 0.020124
0.39451 0.021005
0.26745 0.024838
0.48002 0.020937
0.40166 0.022321
0.24571 0.038068
0.30135 0.028633
0.32373 0.025518
0.37611 0.023186
0.31327 0.029552
0.32624 0.02828
0.42014 0.023427
0.45292 0.023613
0.30839 0.033962
0.3202 0.033212
0.36987 0.025125
0.48073 0.02501
0.35942 0.026646
0.34256 0.02993
0.40592 0.026509
0.45624 0.025858
0.37987 0.027809
0.58345 0.020164
0.64589 0.020602
0.72972 0.02104
0.69499 0.022904
0.65139 0.021367
0.7332 0.024399
0.5638 0.02234
0.59522 0.024078
0.75284 0.032063
0.72903 0.030228
0.57525 0.023663
0.59612 0.025606
0.72619 0.031544
0.70376 0.032285
0.52171 0.023956
0.5415 0.024638
0.67339 0.026919
0.64943 0.026103
0.5668 0.026399
0.54784 0.027043
0.68513 0.030542
0.67516 0.030741
0.62463 0.026694
0.76449 0.021332
0.76684 0.025607
0.78043 0.023568
0.78277 0.035016
0.76947 0.031971
0.77631 0.039286
0.76644 0.043035
0.77028 0.047216
0.78669 0.05638
0.75552 0.039223
0.74679 0.036552
0.81249 0.062256
0.82784 0.06758
0.73662 0.036445
0.71259 0.036315
0.78695 0.058354
0.75215 0.05078
0.70876 0.038347
0.71997 0.042394
0.74188 0.045438
0.78437 0.026589
0.79225 0.048633
0.7906 0.039248
0.80355 0.053853
0.78978 0.051402
0.89819 0.076355
0.83088 0.068355
0.81878 0.064555
0.77694 0.057326
0.75586 0.053202
0.79258 0.027407
0.9284 0.07406
0.79605 0.032085
0.94624 0.073385
0.92354 0.074351
0.952 0.07355
0.81235 0.053716
0.85866 0.074024
0.8126 0.052356
0.89595 0.07383
0.9627 0.075587
0.9655 0.076908
0.79973 0.026691
0.96661 0.077496
0.81542 0.049965
0.96732 0.07749
0.96685 0.077571
0.96738 0.07738
0.80682 0.03638
0.89022 0.072368
0.80885 0.034753
0.96744 0.07559
0.96743 0.076629
0.8086 0.025077
0.96728 0.074851
0.82092 0.044914
0.85491 0.066037
0.96739 0.075275
0.96646 0.07337
0.8233 0.044218
0.86607 0.069232
0.81837 0.031731
0.84686 0.059473
0.96577 0.072465
0.83164 0.046989
0.94672 0.067473
0.82325 0.028206
0.86108 0.063167
0.95614 0.068586
0.93632 0.067299
0.82504 0.025266
0.92648 0.067349
0.83484 0.039233
0.84952 0.05128
0.91938 0.067404
0.90426 0.066854
0.84014 0.038313
0.89634 0.065863
0.84516 0.043076
0.8884 0.064481
0.88528 0.063585
0.83931 0.026702
0.88223 0.061913
0.84479 0.029689
0.88136 0.060132
0.88224 0.061945
0.88201 0.061167
0.8467 0.024332
0.88099 0.05919
0.85646 0.040528
0.88523 0.058693
0.88146 0.058871
0.8834 0.058747
0.85919 0.037397
0.88933 0.058519
0.86036 0.022918
0.87265 0.045083
0.88787 0.058547
0.89275 0.058673
0.86667 0.022277
0.87549 0.044106
0.87303 0.034516
0.87912 0.041502
0.89727 0.058843
0.89987 0.059323
0.87662 0.022385
0.88378 0.040061
0.88367 0.031959
0.88962 0.040079
0.9043 0.058908
0.90715 0.05768
0.88937 0.027145
0.8957 0.041136
0.898 0.032606
0.89859 0.041419
0.90935 0.055649
0.91409 0.055423
0.90048 0.029302
0.90767 0.038185
0.9093 0.025755
0.92248 0.055173
0.91743 0.055224
0.92551 0.055208
0.91733 0.022494
0.91834 0.036653
0.92356 0.02764
0.93564 0.054262
0.92984 0.025712
0.93025 0.041272
0.93909 0.029056
0.93895 0.039755
0.93959 0.053855
0.9438 0.03263
0.94931 0.054798
0.94935 0.032497
0.95767 0.055466
0.953 0.054739
0.95683 0.055286
0.95816 0.024832
0.96023 0.03843
0.96396 0.028337
0.96684 0.055904
0.96437 0.05589
0.96871 0.055947
0.9706 0.03172
0.96993 0.037616
0.9787 0.031447
0.97892 0.042264
0.97103 0.055991
