345
0.023325 0.021646
0.021282 0.024845
0.07503 0.021314
0.026856 0.024853
0.023819 0.024845
0.028372 0.024845
0.10121 0.020715
0.063394 0.023108
0.11194 0.022873
0.038582 0.024912
0.033463 0.024843
0.15082 0.020898
0.042268 0.024891
0.17029 0.021287
0.046207 0.024801
0.044089 0.02485
0.050082 0.024705
0.19189 0.020853
0.13755 0.024828
0.20149 0.026472
0.093565 0.025186
0.06187 0.024378
0.082242 0.024327
0.21738 0.023925
0.11267 0.026231
0.22582 0.021847
0.14572 0.027479
0.12625 0.0263
0.14615 0.027515
0.23258 0.027308
0.1773 0.029289
0.24263 0.022665
0.21515 0.031244
0.1802 0.029333
0.18834 0.031092
0.24774 0.025875
0.21897 0.032692
0.25371 0.023706
0.24153 0.038639
0.18763 0.031352
0.18782 0.031756
0.25513 0.033166
0.23667 0.038335
0.26127 0.026524
0.23719 0.04102
0.18475 0.031838
0.17606 0.032744
0.26782 0.030116
0.17099 0.033531
0.27466 0.024309
0.23904 0.047623
0.17128 0.033539
0.1818 0.032973
0.2802 0.029202
0.18693 0.03333
0.28244 0.032267
0.26191 0.042163
0.18869 0.033479
0.19531 0.034276
0.28959 0.027226
0.25973 0.045582
0.28156 0.03937
0.19952 0.036228
0.19644 0.034813
0.30321 0.025796
0.20132 0.037155
0.30582 0.032899
0.27365 0.047142
0.20248 0.037662
0.20528 0.038374
0.31057 0.031756
0.2047 0.038793
0.30937 0.037455
0.2039 0.039279
0.20423 0.039
0.20322 0.039399
0.3153 0.030868
0.30092 0.047139
0.32118 0.028862
0.19629 0.037588
0.20016 0.03902
0.19535 0.037199
0.31859 0.035482
0.30146 0.054616
0.31395 0.046359
0.11858 0.030773
0.083866 0.027157
0.32605 0.034374
0.29643 0.048951
0.32539 0.036761
0.24494 0.050592
0.056784 0.027696
0.052576 0.0285
0.32432 0.041616
0.052348 0.028844
0.32796 0.03874
0.22266 0.043127
0.054294 0.029467
0.057992 0.030268
0.33226 0.036087
0.28831 0.046368
0.34791 0.025412
0.058509 0.031583
0.056654 0.030913
0.058596 0.031601
0.33175 0.039206
0.15837 0.037971
0.33102 0.04076
0.17629 0.039145
0.059897 0.031667
0.34954 0.031617
0.18998 0.039302
0.3581 0.024692
0.10575 0.033999
0.063556 0.031806
0.064351 0.031832
0.35623 0.030726
0.065588 0.031852
0.32926 0.043837
0.066093 0.031852
0.065573 0.031852
0.066007 0.031853
0.34482 0.037067
0.067946 0.031792
0.37027 0.023113
0.23334 0.048333
0.25254 0.050304
0.12918 0.034382
0.12703 0.034567
0.37919 0.023546
0.36386 0.034138
0.39433 0.021036
0.38888 0.025274
0.36599 0.036414
0.38541 0.030369
0.34145 0.038974
0.37407 0.03912
0.36982 0.038964
0.12579 0.033912
0.1305 0.034468
0.39526 0.039511
0.38874 0.042575
0.3127 0.055341
0.36126 0.045736
0.37705 0.045478
0.34616 0.048218
0.36669 0.046578
0.33384 0.050978
0.32873 0.052921
0.419 0.022019
0.41725 0.024346
0.4268 0.020264
0.42378 0.023529
0.41544 0.027546
0.43331 0.021524
0.42449 0.027526
0.38979 0.037606
0.41381 0.038653
0.41607 0.039599
0.42286 0.033712
0.37464 0.047871
0.38597 0.04704
0.42584 0.029475
0.42882 0.024981
0.33394 0.051308
0.39308 0.047144
0.42289 0.04155
0.43342 0.028146
0.42036 0.048401
0.40581 0.048954
0.42755 0.040452
0.43084 0.029434
0.41448 0.049331
0.44547 0.020709
0.46157 0.021765
0.49789 0.021325
0.47735 0.027292
0.46352 0.024209
0.50097 0.025165
0.44108 0.025578
0.44396 0.040455
0.52616 0.03068
0.50567 0.033146
0.44321 0.033288
0.44205 0.047534
0.50552 0.035278
0.49729 0.042351
0.43515 0.02576
0.43731 0.02644
0.48337 0.041185
0.46547 0.036718
0.44092 0.037153
0.43916 0.032512
0.46657 0.042874
0.43919 0.053738
0.45069 0.039168
0.53437 0.02145
0.53628 0.0263
0.5501 0.022465
0.55486 0.028571
0.54246 0.03365
0.5496 0.037594
0.54818 0.048172
0.5526 0.05068
0.56592 0.035314
0.53299 0.038393
0.52278 0.035668
0.5753 0.042126
0.58103 0.039745
0.51709 0.040504
0.5032 0.042042
0.56643 0.036121
0.536 0.048363
0.49825 0.042968
0.5109 0.04344
0.52593 0.046976
0.55676 0.023413
0.57932 0.029748
0.574 0.026778
0.59808 0.036331
0.57344 0.031438
0.77538 0.039269
0.5877 0.039113
0.57634 0.041807
0.55713 0.050484
0.5423 0.049675
0.57825 0.022471
0.86427 0.037545
0.58944 0.02421
0.89242 0.037006
0.85334 0.03715
0.91327 0.037027
0.60764 0.03972
0.67158 0.043297
0.61138 0.039915
0.76751 0.041072
0.94099 0.034754
0.94852 0.034381
0.59932 0.022849
0.9514 0.034281
0.61902 0.040882
0.95295 0.034217
0.95199 0.034259
0.95305 0.03421
0.61228 0.029939
0.7431 0.044071
0.61561 0.029784
0.95274 0.034155
0.95299 0.034188
0.61619 0.02337
0.95215 0.034139
0.62666 0.039977
0.66676 0.042886
0.95253 0.034146
0.94942 0.03415
0.62898 0.039705
0.69639 0.042239
0.62785 0.029227
0.64675 0.040075
0.94712 0.034126
0.63654 0.038876
0.91655 0.035091
0.63481 0.0256
0.67888 0.041191
0.92341 0.036486
0.90345 0.032943
0.63736 0.023375
0.86958 0.034376
0.64842 0.032239
0.66543 0.04209
0.84569 0.03363
0.80909 0.034285
0.65721 0.033789
0.76791 0.038798
0.66202 0.038944
0.73968 0.043877
0.73306 0.044036
0.66019 0.025256
0.72402 0.041874
0.6656 0.027793
0.72012 0.042117
0.72408 0.041876
0.72255 0.041867
0.66886 0.023462
0.71871 0.042338
0.67725 0.036978
0.72826 0.041891
0.71918 0.042167
0.72313 0.041452
0.6797 0.035603
0.73696 0.043854
0.68562 0.022729
0.69629 0.039109
0.73378 0.043372
0.74461 0.04077
0.69213 0.022393
0.69989 0.039868
0.69451 0.035526
0.70417 0.040466
0.76232 0.037754
0.77166 0.035973
0.7006 0.023144
0.7095 0.040899
0.70474 0.036106
0.71512 0.039174
0.78792 0.031939
0.79691 0.031043
0.70851 0.029721
0.72787 0.035619
0.7178 0.032148
0.73339 0.036641
0.79861 0.030607
0.81359 0.032591
0.71817 0.028918
0.74144 0.032972
0.7286 0.02498
0.82953 0.031537
0.8195 0.03393
0.83984 0.030112
0.73755 0.022092
0.75762 0.029003
0.74579 0.025016
0.86826 0.030527
0.75693 0.023059
0.80714 0.026463
0.77912 0.023275
0.82114 0.027017
0.87897 0.029828
0.8103 0.023758
0.90994 0.028653
0.82365 0.023953
0.92778 0.02792
0.91734 0.028441
0.92594 0.028106
0.84096 0.021037
0.87585 0.023751
0.8681 0.021783
0.94763 0.026385
0.94197 0.026586
0.95222 0.026296
0.91076 0.021818
0.9173 0.022745
0.96944 0.021351
0.97393 0.022846
0.95767 0.026235
