345
0.020675 0.028243
0.020505 0.063512
0.030479 0.02727
0.022695 0.063628
0.021505 0.063512
0.023298 0.063522
0.03568 0.022926
0.034265 0.038879
0.041251 0.031846
0.027195 0.064386
0.025291 0.063646
0.048515 0.023176
0.028616 0.064321
0.054262 0.023995
0.030078 0.064406
0.02929 0.064383
0.031577 0.064176
0.060946 0.022159
0.05247 0.041294
0.067842 0.032505
0.04724 0.057491
0.036909 0.061774
0.043816 0.058818
0.074797 0.026196
0.052605 0.055772
0.081102 0.022525
0.058333 0.054738
0.055231 0.055239
0.058417 0.054725
0.086597 0.028843
0.065488 0.054104
0.09497 0.022637
0.087217 0.038678
0.066268 0.054247
0.070644 0.057825
0.10095 0.024825
0.091288 0.041267
0.10922 0.022911
0.10209 0.037495
0.070457 0.059603
0.071093 0.06138
0.11252 0.031082
0.10091 0.040575
0.11829 0.026208
0.10308 0.043435
0.069085 0.06388
0.065131 0.067665
0.12424 0.030169
0.063125 0.069281
0.13157 0.023471
0.10916 0.045427
0.063259 0.069282
0.067815 0.068775
0.13938 0.027097
0.07154 0.068136
0.14275 0.030175
0.12864 0.041526
0.073121 0.067825
0.080238 0.066214
0.14986 0.028032
0.13104 0.045348
0.14696 0.037371
0.086533 0.065726
0.081833 0.066425
0.16077 0.026661
0.089409 0.065547
0.16356 0.033438
0.14755 0.046179
0.09115 0.065255
0.094352 0.064992
0.16837 0.030434
0.093931 0.066233
0.16859 0.03514
0.093191 0.06769
0.093481 0.066949
0.092435 0.068378
0.17422 0.029327
0.16337 0.051187
0.18033 0.02879
0.082336 0.073131
0.088054 0.070999
0.081019 0.073486
0.17942 0.034897
0.16425 0.058552
0.17735 0.043968
0.044705 0.078894
0.03488 0.078481
0.18672 0.034875
0.1595 0.060403
0.18689 0.03711
0.13223 0.058817
0.028797 0.081706
0.026728 0.084769
0.18779 0.041167
0.026142 0.086455
0.19095 0.040032
0.10453 0.07004
0.025277 0.090865
0.02437 0.10142
0.1939 0.040088
0.15496 0.061319
0.20166 0.028826
0.025124 0.12357
0.024369 0.11101
0.025148 0.12402
0.1948 0.044617
0.053098 0.082168
0.19475 0.046892
0.066336 0.080084
0.025355 0.12551
0.20351 0.038635
0.075642 0.07918
0.20789 0.027341
0.031814 0.093398
0.025892 0.12824
0.025987 0.12849
0.20829 0.036213
0.026118 0.12831
0.19293 0.052747
0.026165 0.12806
0.026117 0.12831
0.026158 0.12813
0.20148 0.050161
0.026288 0.12594
0.21644 0.02485
0.10982 0.071141
0.13712 0.062413
0.033826 0.099439
0.033563 0.10288
0.22174 0.026071
0.2173 0.041776
0.23008 0.02147
0.22703 0.028525
0.22064 0.047148
0.22742 0.036457
0.19735 0.056679
0.22615 0.051393
0.22407 0.054347
0.034717 0.09512
0.033985 0.099638
0.25152 0.033892
0.26199 0.035104
0.17541 0.063053
0.23168 0.059422
0.2541 0.038724
0.27065 0.039206
0.23957 0.051673
0.27592 0.039421
0.29214 0.041279
0.28252 0.021118
0.26868 0.0225
0.43053 0.020082
0.37569 0.020849
0.26118 0.024401
0.48259 0.020636
0.38435 0.021895
0.2374 0.037392
0.29696 0.030544
0.31109 0.028978
0.35496 0.022997
0.30595 0.035232
0.31284 0.033095
0.40811 0.022528
0.459 0.022138
0.3051 0.040846
0.31117 0.041896
0.34848 0.025029
0.48327 0.023405
0.33816 0.027189
0.32422 0.032972
0.3896 0.025205
0.46387 0.023602
0.35899 0.027169
0.60978 0.020129
0.66495 0.020642
0.73052 0.021139
0.70236 0.024081
0.66998 0.021529
0.73366 0.024643
0.58248 0.02157
0.62247 0.023718
0.75437 0.030632
0.72974 0.031263
0.59864 0.022656
0.62317 0.025154
0.72702 0.032933
0.7074 0.036579
0.51945 0.022302
0.54458 0.022445
0.68765 0.029676
0.66821 0.026715
0.58685 0.024402
0.55642 0.023934
0.69453 0.035443
0.68818 0.035232
0.64327 0.026373
0.76778 0.021157
0.77051 0.024856
0.78624 0.023076
0.78933 0.032943
0.77362 0.030336
0.78224 0.03664
0.77056 0.039809
0.7755 0.043131
0.79533 0.051598
0.75722 0.036888
0.74687 0.035087
0.82518 0.053762
0.8478 0.057465
0.73563 0.036857
0.71397 0.04029
0.79561 0.053346
0.75233 0.045793
0.70998 0.042847
0.72048 0.04428
0.73942 0.043487
0.79082 0.025677
0.80133 0.044604
0.79872 0.03645
0.8144 0.048534
0.79873 0.047158
0.93276 0.08613
0.85201 0.058529
0.83452 0.054309
0.78425 0.051782
0.75732 0.047651
0.80039 0.026307
0.96174 0.094754
0.80449 0.030221
0.97034 0.11199
0.95741 0.092813
0.97229 0.11792
0.82478 0.047049
0.89269 0.069522
0.825 0.04594
0.93061 0.083222
0.97544 0.1249
0.97618 0.12602
0.8088 0.025619
0.97647 0.12642
0.82862 0.043749
0.97666 0.12646
0.97654 0.12646
0.97668 0.12641
0.81755 0.033401
0.92474 0.080281
0.81993 0.031988
0.97669 0.1255
0.97669 0.12604
0.81951 0.024129
0.97665 0.125
0.83568 0.039699
0.8853 0.061674
0.97668 0.12529
0.97644 0.12362
0.83876 0.039337
0.90088 0.068548
0.83181 0.029318
0.87196 0.054335
0.97625 0.12249
0.84984 0.042298
0.97184 0.099267
0.83791 0.026578
0.89199 0.061001
0.97405 0.11061
0.96711 0.090046
0.84017 0.024255
0.95933 0.085436
0.85301 0.036387
0.87287 0.047863
0.95283 0.084171
0.93893 0.079498
0.85924 0.035986
0.93087 0.075289
0.86601 0.040553
0.92241 0.07149
0.91907 0.069724
0.8572 0.025814
0.91546 0.067156
0.86344 0.028638
0.91394 0.064958
0.91549 0.067193
0.91497 0.066285
0.8656 0.023902
0.91321 0.063807
0.87867 0.039989
0.91732 0.064432
0.91357 0.063601
0.9155 0.064016
0.88091 0.037361
0.92133 0.065331
0.88017 0.022915
0.89827 0.047379
0.9199 0.064962
0.92485 0.066481
0.88631 0.02242
0.90101 0.04707
0.89416 0.036548
0.90362 0.045267
0.92953 0.068002
0.93231 0.069317
0.89518 0.022779
0.90749 0.04463
0.90273 0.03477
0.91303 0.045437
0.93639 0.070269
0.93845 0.069646
0.90564 0.029065
0.91928 0.047033
0.91497 0.036599
0.92207 0.047555
0.93935 0.067529
0.94329 0.0682
0.91457 0.032282
0.92711 0.044022
0.92073 0.027637
0.94956 0.069003
0.94579 0.068411
0.95188 0.069416
0.9268 0.023317
0.93396 0.04209
0.93147 0.030167
0.95866 0.068498
0.93617 0.027524
0.94599 0.048368
0.94364 0.031749
0.95086 0.045925
0.96107 0.067957
0.94958 0.036194
0.96742 0.068532
0.95353 0.035577
0.97123 0.067273
0.96898 0.067282
0.97081 0.067158
0.95813 0.025519
0.96402 0.040005
0.96365 0.028844
0.97474 0.065952
0.97382 0.066409
0.97547 0.065804
0.97084 0.031502
0.97148 0.037288
0.97873 0.031233
0.9792 0.043364
0.97641 0.065847
