345
0.023603 0.021518
0.02139 0.02447
0.078673 0.021319
0.027431 0.024478
0.024139 0.02447
0.029075 0.024471
0.1024 0.020922
0.066598 0.022976
0.1101 0.024201
0.04014 0.02455
0.034592 0.024476
0.1344 0.02142
0.044102 0.024537
0.14928 0.021472
0.04834 0.024461
0.046061 0.024502
0.052509 0.024391
0.16725 0.021158
0.12663 0.027783
0.17419 0.029923
0.096281 0.026071
0.065015 0.024179
0.0856 0.024499
0.18346 0.026582
0.11062 0.029145
0.18848 0.022912
0.13094 0.032234
0.11921 0.029933
0.13118 0.032302
0.19301 0.030813
0.15563 0.030883
0.20003 0.02365
0.18116 0.039022
0.15816 0.031204
0.16407 0.03437
0.20383 0.027723
0.18286 0.041087
0.20851 0.024628
0.19684 0.046008
0.16349 0.034601
0.16355 0.035142
0.20905 0.036305
0.19305 0.046576
0.21474 0.027655
0.19273 0.049894
0.16122 0.03479
0.15363 0.034799
0.22044 0.031287
0.14844 0.035591
0.2268 0.024567
0.19265 0.057556
0.14872 0.035583
0.15872 0.03577
0.23212 0.029371
0.16258 0.036991
0.23418 0.032306
0.21361 0.045847
0.16386 0.037478
0.16842 0.040084
0.24168 0.026878
0.21117 0.050076
0.23282 0.039599
0.17088 0.043788
0.16909 0.041082
0.25668 0.025053
0.17181 0.045564
0.25967 0.031096
0.22426 0.048664
0.17236 0.046531
0.17372 0.048163
0.26532 0.029891
0.17331 0.048507
0.26381 0.034768
0.17277 0.048849
0.17301 0.048617
0.17237 0.048805
0.271 0.028941
0.25374 0.043851
0.27821 0.027071
0.16833 0.04461
0.17064 0.047505
0.16777 0.043843
0.275 0.032527
0.25427 0.05023
0.26922 0.041769
0.1133 0.036405
0.087132 0.027499
0.28441 0.031148
0.24855 0.046065
0.28356 0.03305
0.19752 0.059494
0.05972 0.027277
0.055193 0.027971
0.28217 0.03694
0.054947 0.02829
0.28686 0.034361
0.18179 0.055365
0.057041 0.028908
0.060992 0.029731
0.29253 0.032016
0.23957 0.045099
0.31412 0.023951
0.061528 0.030988
0.059581 0.030316
0.061619 0.031007
0.29181 0.034388
0.13396 0.04468
0.29084 0.035616
0.15217 0.041843
0.062967 0.031097
0.31632 0.028499
0.16362 0.0446
0.32798 0.023442
0.10442 0.038935
0.066762 0.031308
0.067588 0.03135
0.32544 0.027887
0.06887 0.031396
0.2885 0.038155
0.069395 0.031407
0.068855 0.031396
0.069305 0.031406
0.30958 0.032416
0.071316 0.031427
0.34502 0.022132
0.18786 0.059903
0.20417 0.057185
0.11723 0.042999
0.11601 0.042922
0.35835 0.022224
0.33575 0.03009
0.38324 0.020473
0.37494 0.02285
0.3386 0.031567
0.3689 0.026044
0.30487 0.033793
0.35018 0.032732
0.34401 0.033034
0.11565 0.04196
0.11795 0.043218
0.38341 0.028839
0.37264 0.032578
0.2676 0.049293
0.33168 0.03859
0.35389 0.036516
0.31068 0.040613
0.33912 0.038665
0.29432 0.043268
0.28775 0.045341
0.40258 0.021073
0.39946 0.022176
0.41624 0.020176
0.41105 0.022175
0.39694 0.02357
0.42462 0.021184
0.4123 0.024732
0.37571 0.029355
0.39528 0.028422
0.39788 0.029447
0.40936 0.028231
0.35023 0.038644
0.36715 0.035949
0.41462 0.026179
0.41918 0.023499
0.29444 0.043516
0.37872 0.033514
0.41058 0.033
0.42475 0.026343
0.40694 0.03562
0.38978 0.031123
0.41907 0.034134
0.42164 0.026937
0.39687 0.033532
0.43905 0.020634
0.45607 0.021792
0.48881 0.021324
0.46996 0.02895
0.45818 0.024384
0.49187 0.024959
0.43399 0.024859
0.4413 0.037855
0.52423 0.027013
0.49618 0.031885
0.43769 0.031726
0.44134 0.041139
0.49559 0.033909
0.48728 0.042387
0.42683 0.024684
0.42944 0.025473
0.476 0.043919
0.46248 0.038413
0.43596 0.034917
0.4323 0.030767
0.46457 0.04414
0.43737 0.044055
0.44822 0.037367
0.53693 0.020881
0.53995 0.02374
0.56507 0.021414
0.57319 0.025169
0.55105 0.02752
0.56386 0.030039
0.56079 0.035824
0.56822 0.03754
0.59001 0.032001
0.53449 0.03138
0.51843 0.030735
0.60341 0.039407
0.60967 0.039025
0.50931 0.035067
0.49233 0.040913
0.59072 0.032814
0.5392 0.036886
0.48805 0.042777
0.49999 0.03999
0.52264 0.0378
0.57633 0.022137
0.60531 0.029105
0.59926 0.025939
0.62318 0.038752
0.59891 0.029968
0.80745 0.040817
0.61624 0.040521
0.60477 0.039406
0.5761 0.038369
0.55018 0.036421
0.60414 0.022278
0.8667 0.041471
0.61543 0.024586
0.89018 0.037356
0.85843 0.041263
0.91072 0.036749
0.63088 0.041455
0.68965 0.03994
0.63408 0.041587
0.79693 0.041132
0.93932 0.034211
0.94713 0.03387
0.62378 0.023279
0.95012 0.03377
0.64296 0.04279
0.95172 0.033695
0.95072 0.033743
0.95182 0.033688
0.63517 0.030949
0.77251 0.039864
0.63848 0.030872
0.9515 0.033637
0.95176 0.033667
0.63902 0.023749
0.95089 0.033627
0.64979 0.044076
0.68339 0.040257
0.95129 0.03363
0.94806 0.033649
0.65155 0.044408
0.72049 0.04082
0.64933 0.031662
0.66234 0.043281
0.94567 0.03362
0.6559 0.04421
0.91404 0.034784
0.65428 0.027297
0.69887 0.037574
0.92103 0.036013
0.90074 0.032955
0.6561 0.024397
0.87033 0.037532
0.66448 0.033632
0.68178 0.039718
0.85149 0.038017
0.83222 0.044734
0.67318 0.033438
0.79714 0.039708
0.67801 0.037373
0.76749 0.039183
0.75816 0.039401
0.67707 0.024875
0.74787 0.03837
0.68281 0.027096
0.74322 0.03887
0.74795 0.038368
0.74623 0.03848
0.68638 0.023124
0.74126 0.039153
0.6964 0.034291
0.75256 0.038535
0.74193 0.038988
0.74691 0.038129
0.69939 0.03297
0.76311 0.039024
0.70629 0.022278
0.71999 0.03829
0.75909 0.038803
0.77424 0.037797
0.71418 0.022155
0.72305 0.039442
0.71778 0.034541
0.72669 0.039951
0.79118 0.03913
0.80084 0.037091
0.72274 0.023094
0.73123 0.039264
0.72702 0.035842
0.73644 0.036969
0.81701 0.037121
0.82318 0.038324
0.73056 0.029068
0.75256 0.033269
0.741 0.030513
0.75911 0.033526
0.82391 0.037929
0.83321 0.042395
0.74177 0.027695
0.76997 0.030656
0.75384 0.024215
0.84072 0.038517
0.83635 0.043721
0.8462 0.034392
0.76489 0.021687
0.78704 0.029411
0.77512 0.02441
0.86866 0.032834
0.78645 0.023182
0.82674 0.031621
0.80736 0.023756
0.83411 0.032157
0.87731 0.031225
0.82829 0.026745
0.90732 0.028567
0.83545 0.026775
0.92559 0.02765
0.91484 0.028261
0.92367 0.027848
0.84624 0.021457
0.87467 0.024392
0.86825 0.022172
0.9462 0.026157
0.94034 0.026345
0.95096 0.026067
0.90815 0.021797
0.9148 0.022687
0.96893 0.021289
0.97364 0.022714
0.95661 0.025989
