345
0.02055 0.029947
0.020218 0.048951
0.028684 0.028768
0.021163 0.049
0.020648 0.048951
0.02142 0.048955
0.032995 0.023371
0.027287 0.040542
0.035502 0.03289
0.023155 0.049321
0.022284 0.049007
0.044941 0.023193
0.023773 0.049294
0.050879 0.023858
0.024421 0.04933
0.024074 0.04932
0.025061 0.04926
0.057787 0.022074
0.041056 0.040067
0.064066 0.031943
0.0317 0.047958
0.027118 0.048535
0.029869 0.047955
0.072317 0.025928
0.035908 0.048196
0.07893 0.02244
0.042953 0.049033
0.038847 0.048524
0.043064 0.049047
0.084553 0.028623
0.052319 0.050088
0.093067 0.022586
0.082531 0.038216
0.053293 0.050258
0.058787 0.053492
0.099152 0.024699
0.086234 0.040745
0.10772 0.022808
0.099059 0.037028
0.058724 0.054911
0.059582 0.056441
0.11107 0.030646
0.097176 0.040049
0.11715 0.025935
0.099119 0.042397
0.057619 0.058361
0.05393 0.061603
0.12339 0.029675
0.052139 0.063126
0.13114 0.02329
0.10572 0.043964
0.052273 0.063144
0.056773 0.063141
0.13939 0.026855
0.060576 0.062893
0.14284 0.029908
0.12741 0.040405
0.06227 0.062726
0.069975 0.061489
0.15002 0.027954
0.12964 0.04417
0.14653 0.037079
0.076679 0.061236
0.071694 0.061755
0.16105 0.026451
0.079713 0.061163
0.16388 0.032934
0.14645 0.045639
0.081658 0.060931
0.085223 0.060693
0.16906 0.029931
0.084578 0.061897
0.16927 0.034401
0.083565 0.063319
0.083984 0.062598
0.082657 0.063994
0.17522 0.028866
0.16304 0.049205
0.18166 0.028377
0.072076 0.068388
0.077782 0.066468
0.070738 0.068699
0.18095 0.034194
0.16327 0.055635
0.17914 0.04274
0.037259 0.068709
0.029976 0.065095
0.18844 0.034216
0.1572 0.058089
0.18865 0.036353
0.1301 0.057593
0.026188 0.069349
0.025255 0.073708
0.18962 0.04029
0.025077 0.076011
0.19276 0.039152
0.095471 0.064815
0.024991 0.081015
0.024936 0.090406
0.19571 0.03919
0.1525 0.059655
0.20397 0.028413
0.02537 0.11135
0.024607 0.098795
0.025408 0.11175
0.19654 0.043757
0.046078 0.075726
0.19645 0.046071
0.056461 0.075043
0.025666 0.11309
0.20564 0.037755
0.065736 0.074196
0.21052 0.026984
0.031998 0.083424
0.026317 0.11557
0.026426 0.1158
0.21079 0.03542
0.026562 0.11563
0.19484 0.052175
0.026604 0.11541
0.026561 0.11564
0.026598 0.11547
0.20306 0.048937
0.026667 0.11348
0.21951 0.024567
0.10171 0.065231
0.13477 0.061182
0.035763 0.089186
0.035137 0.092049
0.22519 0.025682
0.22029 0.04039
0.23415 0.021392
0.23087 0.027939
0.22408 0.044806
0.23169 0.035348
0.1992 0.05572
0.23103 0.047839
0.22838 0.050445
0.035737 0.085498
0.035938 0.08938
0.25499 0.035657
0.26401 0.036665
0.17845 0.059808
0.23762 0.055144
0.25753 0.040963
0.27127 0.040791
0.24672 0.050803
0.27567 0.040126
0.29346 0.039377
0.28327 0.021084
0.27011 0.02272
0.43354 0.02006
0.36761 0.020813
0.26319 0.024864
0.48866 0.020467
0.3767 0.021739
0.24307 0.037837
0.29928 0.030094
0.31302 0.029766
0.34739 0.023319
0.30929 0.035731
0.31603 0.034831
0.4043 0.022062
0.45859 0.021672
0.3095 0.041028
0.31739 0.043397
0.34154 0.026044
0.48961 0.02249
0.33359 0.029919
0.32601 0.037573
0.38261 0.024652
0.46452 0.022828
0.35105 0.027694
0.61708 0.020103
0.67055 0.020852
0.72291 0.021018
0.6946 0.025541
0.67429 0.022124
0.72647 0.024092
0.57649 0.02102
0.63184 0.023412
0.75068 0.028981
0.72201 0.03012
0.60252 0.021799
0.63259 0.024761
0.71884 0.031817
0.69571 0.040566
0.52667 0.021594
0.54335 0.021378
0.68523 0.036046
0.67297 0.029162
0.58254 0.022666
0.56496 0.022318
0.68715 0.044301
0.68383 0.044213
0.65255 0.026974
0.7662 0.021022
0.76927 0.024327
0.78674 0.022799
0.79024 0.031827
0.77276 0.029252
0.78267 0.035067
0.76968 0.037664
0.77544 0.040735
0.79762 0.049139
0.75428 0.034409
0.74192 0.032803
0.82939 0.051787
0.85302 0.055838
0.72876 0.034753
0.70222 0.041042
0.79793 0.050765
0.74879 0.041731
0.69635 0.044796
0.71002 0.042139
0.7334 0.040235
0.79175 0.025196
0.80382 0.042814
0.80066 0.035194
0.81794 0.04673
0.80115 0.045122
0.93571 0.08288
0.85733 0.056825
0.83917 0.052531
0.78557 0.048852
0.75473 0.043645
0.80219 0.025836
0.9625 0.095482
0.80658 0.029501
0.96805 0.11045
0.95926 0.093283
0.9707 0.11512
0.82885 0.045393
0.89289 0.056792
0.82905 0.044339
0.93301 0.080104
0.97469 0.12109
0.97557 0.12209
0.8112 0.025247
0.97592 0.12243
0.83279 0.04229
0.97613 0.12246
0.97599 0.12247
0.97615 0.12243
0.82069 0.032523
0.926 0.07748
0.82317 0.031203
0.97616 0.12162
0.97616 0.1221
0.82266 0.023859
0.9761 0.12118
0.84016 0.038733
0.88753 0.052687
0.97614 0.12144
0.97582 0.11997
0.84342 0.03852
0.90111 0.061136
0.83581 0.028779
0.87899 0.052037
0.97558 0.11898
0.85512 0.041905
0.97135 0.10026
0.84232 0.026286
0.89171 0.052213
0.9726 0.1093
0.96886 0.089962
0.84467 0.024088
0.9624 0.084943
0.85813 0.03642
0.88111 0.047535
0.95622 0.083954
0.94267 0.078254
0.86458 0.036435
0.93341 0.073231
0.87221 0.041552
0.92406 0.069265
0.9205 0.067422
0.86203 0.025923
0.91642 0.06469
0.86796 0.02902
0.91434 0.062372
0.91645 0.064729
0.91573 0.063785
0.86999 0.02411
0.91328 0.061144
0.88413 0.043211
0.91779 0.062106
0.91362 0.060966
0.91578 0.061546
0.88506 0.041782
0.92226 0.063296
0.8831 0.02366
0.8944 0.046907
0.92064 0.062828
0.92628 0.064648
0.8875 0.023259
0.89598 0.046797
0.89264 0.041641
0.89815 0.045791
0.93165 0.06631
0.93491 0.067685
0.89387 0.023646
0.90257 0.045241
0.89846 0.037957
0.90916 0.045527
0.93947 0.068841
0.94151 0.06834
0.90219 0.030603
0.91681 0.046706
0.91099 0.037686
0.91995 0.047122
0.942 0.066248
0.94584 0.067093
0.91047 0.033126
0.92465 0.043802
0.91615 0.027958
0.95184 0.068018
0.94822 0.067423
0.95405 0.068221
0.92215 0.023366
0.9314 0.041637
0.92692 0.030104
0.96021 0.066527
0.9316 0.027367
0.94485 0.047167
0.93957 0.031267
0.94941 0.044524
0.96237 0.065691
0.94656 0.035261
0.9683 0.065644
0.9506 0.034435
0.97177 0.064062
0.96966 0.064123
0.97138 0.063937
0.95468 0.025012
0.96232 0.0376
0.96084 0.027815
0.97503 0.062625
0.97417 0.063122
0.97572 0.062463
0.96933 0.029818
0.97041 0.034751
0.97851 0.029585
0.97913 0.040197
0.9766 0.06251
