345
0.021315 0.02416
0.020583 0.032191
0.039081 0.023599
0.02312 0.03221
0.021737 0.032191
0.023809 0.032193
0.051578 0.021251
0.036746 0.028675
0.059095 0.024511
0.028607 0.033285
0.026169 0.032588
0.086598 0.02092
0.03019 0.033121
0.1152 0.020779
0.031696 0.032746
0.030902 0.032948
0.033086 0.032467
0.14021 0.020908
0.08036 0.026259
0.14941 0.027335
0.054936 0.02973
0.037647 0.03159
0.04763 0.029674
0.16358 0.023795
0.068611 0.029715
0.17329 0.021496
0.091438 0.028605
0.076588 0.028789
0.091734 0.028599
0.18226 0.025088
0.12652 0.027806
0.19827 0.021635
0.15894 0.031801
0.12939 0.028553
0.136 0.031689
0.20673 0.023778
0.16263 0.032472
0.21525 0.022744
0.19235 0.031286
0.13533 0.031915
0.13535 0.03238
0.21621 0.029866
0.18407 0.032458
0.22467 0.025103
0.18404 0.034083
0.13294 0.031988
0.12566 0.030688
0.23313 0.027842
0.11947 0.029629
0.24218 0.023408
0.18653 0.037086
0.11993 0.029724
0.13066 0.032666
0.24887 0.027696
0.1342 0.03401
0.25125 0.030439
0.22252 0.037183
0.13545 0.034383
0.13996 0.035805
0.25961 0.025766
0.21954 0.039423
0.2495 0.036461
0.14222 0.038487
0.14054 0.036516
0.27978 0.023957
0.14338 0.039642
0.28375 0.02895
0.23791 0.039972
0.14416 0.040214
0.14626 0.040922
0.29032 0.028376
0.14549 0.04104
0.28831 0.03231
0.1445 0.041141
0.14494 0.041077
0.14381 0.041125
0.29709 0.028562
0.27479 0.037488
0.30433 0.027125
0.13887 0.039357
0.14104 0.040746
0.13842 0.038955
0.30225 0.032513
0.27474 0.041309
0.29479 0.038907
0.084671 0.034877
0.051743 0.034589
0.31011 0.031378
0.26698 0.039552
0.30943 0.033433
0.1976 0.037437
0.038026 0.038055
0.036629 0.039269
0.30857 0.037779
0.037055 0.039572
0.31289 0.034101
0.1629 0.039074
0.03939 0.039697
0.042783 0.039559
0.31851 0.030688
0.25569 0.041521
0.34265 0.024145
0.043802 0.039994
0.042234 0.04002
0.043862 0.03999
0.31774 0.032862
0.12012 0.039031
0.31685 0.034055
0.12706 0.037523
0.044631 0.039851
0.34493 0.029135
0.13463 0.040333
0.35468 0.024301
0.0689 0.039309
0.046646 0.039526
0.047065 0.039528
0.35284 0.029582
0.047714 0.039507
0.31485 0.036834
0.047979 0.039492
0.047707 0.039507
0.047934 0.039495
0.33905 0.032078
0.048902 0.039447
0.36857 0.02237
0.17796 0.038693
0.21035 0.039123
0.095903 0.035951
0.092861 0.035966
0.38107 0.02252
0.36048 0.032497
0.39918 0.020776
0.39405 0.024205
0.36278 0.033786
0.39013 0.028168
0.33423 0.032604
0.37379 0.033875
0.36721 0.034624
0.091873 0.035829
0.097766 0.035968
0.40028 0.034416
0.39549 0.038275
0.29115 0.041504
0.35796 0.042909
0.37907 0.038217
0.34281 0.040368
0.36307 0.041593
0.32004 0.040002
0.31441 0.042331
0.41207 0.021419
0.40935 0.02301
0.42309 0.020225
0.41886 0.022761
0.40729 0.025115
0.42954 0.021414
0.41988 0.026031
0.39556 0.034051
0.40663 0.032315
0.4087 0.033412
0.41776 0.030375
0.37521 0.040063
0.39418 0.041168
0.42179 0.027922
0.42536 0.024377
0.32016 0.040119
0.39972 0.040672
0.42021 0.036598
0.42966 0.027566
0.41754 0.039803
0.4044 0.037081
0.42738 0.0383
0.42718 0.028504
0.40871 0.03949
0.44266 0.020665
0.45795 0.022055
0.49382 0.021124
0.47152 0.028192
0.45994 0.024851
0.49756 0.024424
0.43802 0.025033
0.44794 0.039654
0.52889 0.028156
0.50244 0.031463
0.44154 0.032159
0.44939 0.042444
0.50199 0.033332
0.49349 0.038744
0.4314 0.025496
0.43373 0.026276
0.48 0.039841
0.46589 0.03999
0.44048 0.035553
0.43658 0.031636
0.46873 0.044501
0.44311 0.043019
0.45455 0.039971
0.5391 0.021064
0.54172 0.024548
0.56239 0.021432
0.57159 0.024776
0.55072 0.029413
0.56064 0.03061
0.55201 0.039639
0.55805 0.039211
0.58689 0.033971
0.53633 0.033759
0.52376 0.031446
0.59782 0.038468
0.60667 0.037039
0.51416 0.035949
0.49917 0.039077
0.58734 0.034816
0.5372 0.040881
0.49444 0.039154
0.50634 0.040721
0.52595 0.040501
0.57533 0.022028
0.60273 0.028717
0.59569 0.026053
0.62121 0.03611
0.59524 0.030174
0.83172 0.040384
0.61288 0.038385
0.59996 0.038622
0.56709 0.037652
0.54492 0.040834
0.6012 0.022223
0.8882 0.03909
0.61373 0.024098
0.91742 0.03807
0.87496 0.041098
0.93451 0.039124
0.62798 0.036553
0.70255 0.03942
0.63182 0.036745
0.8153 0.038713
0.95463 0.038978
0.95965 0.038878
0.6235 0.022749
0.96175 0.038777
0.64323 0.036599
0.9627 0.038771
0.96213 0.038778
0.96276 0.038767
0.63737 0.028748
0.79611 0.036372
0.64151 0.028329
0.96255 0.038704
0.96271 0.038745
0.64223 0.022854
0.96218 0.038662
0.65365 0.036644
0.69501 0.038448
0.96242 0.038687
0.96018 0.038616
0.65646 0.036621
0.73228 0.038843
0.65648 0.028103
0.67371 0.037575
0.95851 0.03867
0.66443 0.036716
0.93566 0.038342
0.66378 0.024999
0.70906 0.040142
0.94222 0.039347
0.92357 0.034838
0.66652 0.023074
0.89234 0.036731
0.67753 0.031389
0.69231 0.037658
0.87009 0.041505
0.85008 0.039829
0.68619 0.031881
0.81592 0.037976
0.68888 0.035503
0.78524 0.035104
0.77088 0.03684
0.69112 0.02429
0.75961 0.038182
0.69878 0.026726
0.75524 0.03904
0.75967 0.03817
0.75812 0.038503
0.7027 0.023041
0.75386 0.039094
0.70872 0.036591
0.76379 0.037709
0.75433 0.039051
0.75879 0.038138
0.71157 0.035252
0.77689 0.035268
0.7197 0.022468
0.73235 0.037824
0.77214 0.036194
0.79677 0.035458
0.72729 0.022146
0.73694 0.038476
0.72985 0.034269
0.74115 0.039001
0.81004 0.038586
0.82213 0.034881
0.7368 0.022945
0.74602 0.039267
0.74135 0.035613
0.75059 0.037259
0.83719 0.040046
0.84082 0.039813
0.74451 0.029301
0.76546 0.032637
0.75458 0.030569
0.77338 0.031489
0.84137 0.039223
0.85317 0.039247
0.75536 0.027714
0.78883 0.028493
0.76812 0.023965
0.86382 0.040233
0.86011 0.041102
0.86684 0.037568
0.78036 0.021376
0.80678 0.029141
0.79406 0.023635
0.88935 0.031809
0.80623 0.023108
0.84498 0.030955
0.82951 0.023795
0.85544 0.030599
0.89827 0.031509
0.84697 0.026019
0.9258 0.030045
0.85723 0.026083
0.94025 0.029824
0.93155 0.030073
0.93882 0.030035
0.86652 0.021772
0.8948 0.024331
0.88811 0.021996
0.95574 0.028251
0.95096 0.028354
0.95926 0.028143
0.92571 0.0221
0.93097 0.023261
0.97201 0.021791
0.97541 0.023763
0.96326 0.028199
