345
0.021456 0.023757
0.020651 0.03101
0.040686 0.023852
0.02348 0.031027
0.021937 0.03101
0.024248 0.031011
0.051008 0.021539
0.038542 0.028956
0.057095 0.02569
0.029671 0.032017
0.026898 0.031369
0.077033 0.021469
0.031442 0.032166
0.093039 0.02132
0.033106 0.032119
0.03223 0.032149
0.034641 0.032131
0.1144 0.020888
0.073223 0.029288
0.1238 0.02746
0.053809 0.032102
0.039541 0.032158
0.047737 0.031673
0.13577 0.025366
0.064492 0.032568
0.14182 0.022369
0.080099 0.034349
0.070718 0.032449
0.080284 0.034378
0.1475 0.027854
0.10065 0.029568
0.15818 0.02237
0.13353 0.035317
0.10337 0.029544
0.11023 0.031425
0.16394 0.024933
0.13595 0.037331
0.17122 0.023153
0.15396 0.037025
0.10957 0.031691
0.10968 0.032134
0.17207 0.031201
0.14868 0.039126
0.17983 0.025759
0.14867 0.041712
0.10707 0.032175
0.099796 0.03349
0.1872 0.029057
0.09539 0.034654
0.19481 0.023738
0.15019 0.046705
0.095644 0.034623
0.10476 0.033556
0.20131 0.027708
0.10873 0.033849
0.2039 0.030158
0.17793 0.039168
0.11018 0.034051
0.11596 0.035446
0.21273 0.02564
0.1749 0.041615
0.20188 0.036284
0.11963 0.038118
0.11691 0.036154
0.23365 0.023647
0.12108 0.039277
0.23798 0.028511
0.19066 0.043176
0.12195 0.039924
0.12408 0.041165
0.24492 0.028446
0.12347 0.041335
0.24329 0.032224
0.12267 0.041465
0.12302 0.041369
0.12206 0.041381
0.25107 0.028597
0.22857 0.036442
0.25818 0.026539
0.11596 0.038892
0.11936 0.04052
0.11518 0.03849
0.25544 0.031925
0.22871 0.040707
0.24857 0.039244
0.076083 0.043121
0.051728 0.037908
0.26528 0.029458
0.22048 0.039001
0.26396 0.031321
0.15707 0.04579
0.040588 0.039232
0.039437 0.040114
0.26173 0.03529
0.039884 0.040583
0.2684 0.031499
0.13714 0.048101
0.041954 0.041456
0.044826 0.042347
0.27572 0.029436
0.2094 0.04117
0.30008 0.023837
0.045735 0.043178
0.044424 0.04272
0.045785 0.043191
0.2747 0.031235
0.09551 0.049689
0.2735 0.032102
0.10106 0.040858
0.046413 0.043269
0.30253 0.028139
0.11052 0.039823
0.31459 0.023417
0.065303 0.044972
0.048065 0.043405
0.048416 0.043432
0.31206 0.027695
0.048958 0.043447
0.27067 0.033997
0.049178 0.043449
0.048951 0.043447
0.04914 0.043449
0.29521 0.031748
0.049949 0.043464
0.3318 0.022043
0.14519 0.050838
0.16552 0.044064
0.083693 0.047308
0.081613 0.046683
0.34591 0.022134
0.32205 0.030033
0.36791 0.020655
0.36176 0.023465
0.3248 0.031421
0.35688 0.026731
0.29047 0.032799
0.33718 0.032076
0.33035 0.032537
0.080929 0.046248
0.084953 0.047753
0.36819 0.032247
0.36153 0.035026
0.24607 0.043815
0.317 0.038422
0.34241 0.03566
0.29564 0.039609
0.32476 0.038081
0.27744 0.038572
0.26927 0.039647
0.38241 0.021329
0.3796 0.022767
0.39378 0.020205
0.38939 0.022588
0.37743 0.02463
0.40121 0.021206
0.39044 0.025619
0.36271 0.031568
0.37602 0.031049
0.37795 0.0322
0.38799 0.029774
0.33797 0.037543
0.35896 0.037987
0.3924 0.027287
0.39634 0.023915
0.27759 0.03876
0.36583 0.03774
0.38852 0.035477
0.40134 0.026442
0.38484 0.038861
0.37225 0.034977
0.39601 0.036133
0.39848 0.027468
0.37629 0.037795
0.41794 0.020528
0.43653 0.021611
0.48992 0.020852
0.45598 0.025069
0.43888 0.023705
0.49487 0.023386
0.41155 0.024008
0.42316 0.035634
0.53651 0.02545
0.50125 0.028878
0.41613 0.029656
0.4243 0.038716
0.50068 0.030314
0.48882 0.034168
0.40339 0.024558
0.40619 0.025039
0.46793 0.032341
0.44258 0.034109
0.41441 0.032344
0.40946 0.029278
0.44425 0.037503
0.41822 0.039484
0.42975 0.036269
0.55272 0.020675
0.55649 0.022838
0.58817 0.021196
0.59752 0.024846
0.57126 0.025941
0.58666 0.028472
0.58233 0.033174
0.5918 0.035174
0.61337 0.033966
0.54976 0.028854
0.52932 0.028148
0.62481 0.038709
0.63277 0.036691
0.51653 0.032132
0.49683 0.034658
0.61395 0.034789
0.55525 0.032852
0.49013 0.034544
0.50651 0.036215
0.5345 0.03391
0.60092 0.022112
0.62781 0.028332
0.62102 0.026029
0.64727 0.038816
0.62076 0.030173
0.83261 0.040142
0.64098 0.039294
0.62656 0.038236
0.60136 0.038005
0.56946 0.032837
0.62642 0.022128
0.89056 0.038917
0.6397 0.024244
0.919 0.038471
0.87788 0.040024
0.93668 0.039569
0.65379 0.041368
0.71528 0.041779
0.65655 0.041057
0.81598 0.04018
0.95725 0.039691
0.96192 0.039903
0.64803 0.0233
0.96359 0.039895
0.66533 0.040967
0.96446 0.039968
0.96393 0.039927
0.96451 0.039968
0.65924 0.03061
0.79831 0.039619
0.66275 0.030299
0.96432 0.039873
0.96446 0.039936
0.66335 0.023538
0.96398 0.039794
0.67204 0.041158
0.7089 0.041735
0.9642 0.039842
0.96234 0.039614
0.67366 0.041032
0.73916 0.040968
0.6745 0.030143
0.68888 0.0398
0.96092 0.039565
0.67905 0.04014
0.93787 0.038605
0.68023 0.025974
0.72144 0.041615
0.9452 0.03943
0.92534 0.035378
0.68267 0.023566
0.89433 0.036658
0.69295 0.032576
0.7071 0.041028
0.87182 0.039727
0.85103 0.040416
0.70144 0.034235
0.81669 0.039311
0.70434 0.038542
0.79079 0.038244
0.77901 0.037928
0.70476 0.025065
0.76763 0.038582
0.71073 0.027657
0.7629 0.039278
0.7677 0.038573
0.76602 0.038842
0.71448 0.023374
0.7614 0.039234
0.72085 0.03761
0.77187 0.038348
0.76192 0.039218
0.76678 0.038479
0.72337 0.036424
0.78479 0.037057
0.73044 0.02279
0.73941 0.039704
0.78026 0.037409
0.79915 0.038053
0.73683 0.022417
0.74335 0.039646
0.73815 0.036081
0.74722 0.039628
0.81073 0.040497
0.82313 0.035496
0.74547 0.023111
0.75261 0.03948
0.74838 0.035927
0.75813 0.037045
0.83841 0.0397
0.84235 0.039618
0.75308 0.029246
0.77371 0.033131
0.76325 0.030619
0.78138 0.03249
0.84294 0.039074
0.85384 0.039694
0.76414 0.027776
0.79445 0.030602
0.77643 0.024147
0.86408 0.039371
0.85978 0.041071
0.86798 0.036469
0.78782 0.021578
0.80956 0.030562
0.7991 0.024436
0.89176 0.031891
0.80908 0.0236
0.84659 0.031101
0.83096 0.023807
0.85662 0.03068
0.90074 0.031423
0.84848 0.026134
0.92791 0.030517
0.85837 0.026062
0.94213 0.029921
0.9335 0.030337
0.94066 0.030162
0.86807 0.021663
0.89712 0.024338
0.89064 0.022002
0.95757 0.028567
0.9528 0.028516
0.96101 0.028568
0.9279 0.022199
0.93298 0.023351
0.97266 0.021948
0.97578 0.024093
0.96461 0.028748
