345
0.020678 0.02807
0.020258 0.043758
0.030704 0.027118
0.021378 0.0438
0.020767 0.043758
0.021683 0.043762
0.036018 0.022819
0.028798 0.036667
0.039021 0.030982
0.023735 0.044074
0.022706 0.043807
0.049656 0.022913
0.024467 0.04405
0.056045 0.023831
0.025234 0.044081
0.024823 0.044073
0.025992 0.044022
0.063097 0.022362
0.045276 0.037798
0.067619 0.035117
0.03389 0.043202
0.028442 0.043404
0.031718 0.042994
0.07385 0.027725
0.038865 0.043864
0.078685 0.022913
0.047449 0.045294
0.042354 0.044447
0.047589 0.045316
0.083916 0.029463
0.059322 0.047016
0.092399 0.022571
0.07769 0.041117
0.060575 0.047191
0.064648 0.049077
0.098461 0.024575
0.080797 0.042028
0.10753 0.022651
0.097264 0.036613
0.064462 0.049789
0.064705 0.050519
0.11109 0.029987
0.094485 0.039717
0.1176 0.025631
0.096431 0.041387
0.063317 0.051656
0.059088 0.054187
0.12412 0.029285
0.056589 0.055785
0.13211 0.023199
0.10407 0.042273
0.056739 0.055765
0.061746 0.054676
0.14061 0.026737
0.064345 0.053825
0.14408 0.029779
0.12829 0.039727
0.065266 0.053507
0.06922 0.052039
0.15129 0.027915
0.1306 0.043452
0.14769 0.036935
0.072469 0.052416
0.07005 0.052219
0.16238 0.026403
0.07397 0.052677
0.16513 0.032829
0.1475 0.04565
0.075 0.05277
0.077718 0.053162
0.17046 0.029838
0.077358 0.053782
0.17056 0.034266
0.076773 0.054508
0.076986 0.054101
0.076192 0.054803
0.17669 0.028769
0.16365 0.048894
0.1832 0.028272
0.070361 0.056421
0.073579 0.05583
0.069563 0.056522
0.18246 0.034018
0.16408 0.055192
0.18056 0.042415
0.039805 0.06143
0.031514 0.057588
0.19005 0.034011
0.15822 0.058117
0.19026 0.036117
0.13177 0.056524
0.027099 0.061274
0.026052 0.065102
0.19123 0.039991
0.025921 0.067124
0.19442 0.038852
0.09133 0.058039
0.026115 0.071518
0.026656 0.078842
0.19742 0.038872
0.15408 0.06012
0.20587 0.028252
0.026674 0.093996
0.026367 0.084666
0.02669 0.094317
0.19824 0.043356
0.048696 0.069561
0.19814 0.045631
0.058296 0.067453
0.026921 0.095405
0.20753 0.037407
0.065904 0.064184
0.21256 0.026821
0.035136 0.074243
0.027537 0.097488
0.027653 0.09768
0.21281 0.035054
0.027825 0.097538
0.19649 0.051639
0.027892 0.097351
0.027823 0.097544
0.027881 0.097399
0.20485 0.048407
0.028114 0.09573
0.22176 0.024388
0.098913 0.058883
0.13738 0.060425
0.041125 0.079607
0.040801 0.081428
0.22777 0.025404
0.2225 0.039568
0.23725 0.021319
0.23378 0.027511
0.22645 0.043673
0.23458 0.034527
0.20092 0.055097
0.23372 0.046367
0.2309 0.04888
0.040384 0.076829
0.041385 0.079777
0.2592 0.035065
0.26887 0.036209
0.1798 0.058918
0.2406 0.053221
0.26198 0.040183
0.27726 0.040759
0.25042 0.049086
0.28199 0.040775
0.29593 0.040899
0.28741 0.021175
0.27468 0.0227
0.43461 0.020059
0.36547 0.020822
0.2676 0.024725
0.49652 0.020364
0.37459 0.021707
0.24658 0.036981
0.30177 0.030525
0.31583 0.02999
0.34624 0.023642
0.31222 0.03553
0.31972 0.035697
0.40367 0.021918
0.45976 0.021551
0.31267 0.040562
0.32258 0.043907
0.34081 0.026825
0.49777 0.021953
0.33414 0.031627
0.32895 0.040476
0.3806 0.024493
0.46663 0.022482
0.34963 0.028294
0.61895 0.020098
0.66872 0.02112
0.71731 0.020945
0.68859 0.026106
0.67155 0.022742
0.72116 0.023783
0.57629 0.021056
0.63405 0.023403
0.74761 0.02817
0.71633 0.029396
0.60336 0.021687
0.63481 0.024764
0.71292 0.031003
0.68787 0.042249
0.52191 0.021294
0.54264 0.021184
0.67816 0.039216
0.67042 0.031941
0.58219 0.022653
0.56562 0.022399
0.67786 0.046926
0.67485 0.047392
0.6539 0.02776
0.76445 0.020959
0.76768 0.024088
0.78604 0.02268
0.78972 0.031347
0.77136 0.028779
0.78191 0.034388
0.76823 0.036704
0.77441 0.039706
0.79788 0.048187
0.75161 0.033181
0.73803 0.031706
0.83021 0.051974
0.85319 0.057788
0.72367 0.033611
0.69469 0.04159
0.79824 0.049767
0.74573 0.039797
0.68794 0.045819
0.70311 0.041237
0.72881 0.038594
0.79126 0.024994
0.80411 0.042249
0.80067 0.03477
0.8187 0.046487
0.80144 0.044412
0.93167 0.077292
0.85731 0.059384
0.83989 0.053313
0.7853 0.047563
0.75222 0.041683
0.80208 0.025683
0.9598 0.089053
0.80655 0.029302
0.9648 0.10101
0.9566 0.087353
0.96805 0.10418
0.82953 0.045496
0.88702 0.061446
0.82969 0.044438
0.92844 0.074822
0.9733 0.10863
0.97446 0.1094
0.81125 0.025165
0.9749 0.10967
0.83334 0.042525
0.97518 0.1097
0.975 0.10971
0.9752 0.10967
0.82098 0.03245
0.92013 0.072875
0.8234 0.031166
0.97517 0.10904
0.9752 0.10941
0.82285 0.023844
0.97508 0.1087
0.84054 0.039211
0.88343 0.056769
0.97514 0.10889
0.9747 0.10778
0.84365 0.03912
0.8927 0.063838
0.83595 0.028919
0.87643 0.05586
0.97437 0.10702
0.85499 0.043249
0.96973 0.092266
0.84235 0.026474
0.8869 0.05622
0.97067 0.099658
0.96746 0.083343
0.84458 0.02423
0.9604 0.079269
0.85769 0.037567
0.87863 0.050699
0.95389 0.078712
0.93965 0.073455
0.86361 0.037889
0.92878 0.068955
0.8706 0.043883
0.91792 0.066256
0.91375 0.065062
0.86109 0.026401
0.90907 0.063264
0.86645 0.029903
0.90693 0.061726
0.9091 0.063291
0.90837 0.062637
0.86829 0.024537
0.90587 0.060939
0.88119 0.045682
0.91106 0.06106
0.9063 0.060731
0.90876 0.060845
0.88199 0.044008
0.91623 0.061546
0.88016 0.024009
0.88994 0.0497
0.91437 0.061336
0.92079 0.062249
0.88421 0.023556
0.89129 0.049361
0.88859 0.043704
0.8932 0.047946
0.92689 0.063138
0.93061 0.064182
0.89006 0.023946
0.89712 0.046828
0.89385 0.039232
0.90375 0.04636
0.93588 0.065125
0.93821 0.064658
0.89768 0.03125
0.9116 0.046712
0.90592 0.038371
0.91484 0.046816
0.93874 0.062798
0.94293 0.06348
0.90558 0.033652
0.91974 0.043267
0.9112 0.028115
0.94945 0.064197
0.94551 0.063737
0.95184 0.064268
0.91704 0.023351
0.92691 0.040685
0.92196 0.02986
0.95849 0.062376
0.92687 0.027054
0.94152 0.0452
0.93526 0.030582
0.94635 0.042562
0.96082 0.061488
0.94293 0.034112
0.96727 0.061121
0.9473 0.03323
0.97104 0.059544
0.96874 0.059642
0.9706 0.059428
0.95164 0.02456
0.9602 0.035802
0.95837 0.027036
0.97457 0.058221
0.97364 0.058677
0.97532 0.058073
0.96794 0.02871
0.96922 0.033063
0.97832 0.028485
0.97903 0.037877
0.97629 0.058116
