345
0.020479 0.031494
0.02023 0.051251
0.027515 0.030131
0.021229 0.051298
0.020684 0.051251
0.021501 0.051255
0.031246 0.023833
0.027119 0.04332
0.033915 0.034373
0.023338 0.051601
0.022414 0.051305
0.042077 0.023329
0.023991 0.051575
0.048062 0.023846
0.024677 0.051609
0.024309 0.0516
0.025353 0.051543
0.055024 0.022046
0.040346 0.041301
0.061805 0.031716
0.032281 0.050046
0.027508 0.050859
0.030369 0.050296
0.069865 0.02578
0.036686 0.049682
0.076648 0.022382
0.044083 0.049489
0.039792 0.04958
0.044199 0.049486
0.082404 0.028427
0.053879 0.049656
0.091105 0.022533
0.081639 0.037797
0.05491 0.049837
0.06075 0.05315
0.097324 0.02462
0.085649 0.040327
0.106 0.022775
0.097834 0.036744
0.060757 0.054566
0.061707 0.056125
0.10941 0.030538
0.09625 0.039695
0.11552 0.025862
0.098355 0.042228
0.059759 0.057969
0.055886 0.0609
0.12185 0.029533
0.053962 0.06217
0.12974 0.023232
0.10479 0.043994
0.05411 0.062194
0.059051 0.062459
0.13813 0.026717
0.063054 0.062455
0.14166 0.029698
0.12614 0.040065
0.064751 0.062396
0.072416 0.061625
0.14901 0.027768
0.12858 0.043534
0.14585 0.036697
0.079129 0.06169
0.074168 0.061969
0.16027 0.026444
0.08211 0.061758
0.16317 0.032999
0.14627 0.045039
0.083916 0.061608
0.087247 0.061522
0.16813 0.030089
0.086775 0.062749
0.16842 0.034639
0.085981 0.064176
0.086294 0.063449
0.085199 0.064825
0.17418 0.02901
0.16303 0.049837
0.18051 0.028483
0.075161 0.068553
0.080806 0.06705
0.073814 0.068755
0.17971 0.034379
0.16395 0.056732
0.17779 0.043154
0.037566 0.068995
0.030219 0.066713
0.18719 0.03434
0.15872 0.058491
0.18737 0.036494
0.12893 0.055924
0.026252 0.070918
0.024906 0.075212
0.18831 0.040444
0.02454 0.07748
0.19149 0.039295
0.097401 0.066596
0.024042 0.083163
0.023591 0.096631
0.19446 0.039332
0.15375 0.059358
0.20266 0.028474
0.024917 0.12173
0.023799 0.10775
0.024957 0.12217
0.1953 0.043857
0.045682 0.073914
0.19521 0.046141
0.058333 0.073297
0.025214 0.12364
0.20435 0.037885
0.068477 0.073595
0.20916 0.027036
0.029226 0.086415
0.025856 0.12633
0.025962 0.12657
0.20945 0.035538
0.026084 0.12639
0.19345 0.052125
0.026119 0.12615
0.026083 0.1264
0.026115 0.12621
0.20188 0.049094
0.026143 0.12406
0.21808 0.024666
0.10294 0.067618
0.13407 0.059475
0.031223 0.094108
0.031239 0.098349
0.22359 0.025859
0.21884 0.040865
0.23219 0.021436
0.22904 0.028254
0.22247 0.045564
0.22981 0.035939
0.19782 0.055755
0.22912 0.048977
0.22657 0.051606
0.031631 0.088653
0.031366 0.094359
0.25284 0.035409
0.26198 0.036365
0.17634 0.061306
0.23542 0.056096
0.25526 0.04062
0.26946 0.040386
0.24431 0.050939
0.27406 0.040044
0.29131 0.040146
0.28163 0.021107
0.26837 0.022667
0.42991 0.020076
0.371 0.020823
0.26131 0.024777
0.48469 0.020612
0.37996 0.021808
0.2408 0.037965
0.29692 0.030329
0.31069 0.02948
0.35017 0.023076
0.30634 0.035668
0.31297 0.034003
0.40542 0.022319
0.46151 0.022057
0.30601 0.041157
0.31276 0.042728
0.34391 0.025345
0.48542 0.023265
0.33446 0.0282
0.32359 0.034877
0.38554 0.024919
0.46625 0.023595
0.35408 0.027273
0.61455 0.020117
0.66882 0.020725
0.7275 0.021087
0.69929 0.024649
0.67322 0.021765
0.73079 0.024403
0.58147 0.021278
0.62814 0.023587
0.75297 0.029874
0.72666 0.030784
0.60214 0.022229
0.62886 0.024988
0.72377 0.032504
0.70283 0.037925
0.5261 0.021796
0.54049 0.021717
0.68762 0.032365
0.67167 0.027677
0.58708 0.023485
0.55857 0.022865
0.69175 0.039287
0.68708 0.039464
0.64883 0.026644
0.76727 0.021096
0.77014 0.024615
0.7866 0.022957
0.78988 0.03247
0.77342 0.029845
0.78263 0.03595
0.7704 0.038828
0.77572 0.042042
0.79659 0.05058
0.75617 0.035751
0.74495 0.034024
0.82711 0.05313
0.84977 0.0575
0.73291 0.035939
0.70941 0.040501
0.79688 0.052278
0.75104 0.043914
0.70456 0.043291
0.71642 0.043476
0.73708 0.042009
0.79135 0.025474
0.80263 0.043899
0.79972 0.035948
0.81611 0.047897
0.80003 0.046338
0.9356 0.086762
0.85392 0.058841
0.83655 0.053898
0.78511 0.050484
0.75644 0.045796
0.80127 0.026121
0.9631 0.098259
0.80547 0.029946
0.96956 0.11525
0.95955 0.095972
0.97173 0.12071
0.82664 0.046499
0.89498 0.067474
0.82683 0.045405
0.93325 0.083971
0.97516 0.12729
0.97595 0.12835
0.80989 0.025483
0.97626 0.12872
0.83045 0.043256
0.97646 0.12876
0.97633 0.12877
0.97648 0.12872
0.81894 0.033089
0.92691 0.08145
0.82133 0.03171
0.97649 0.12786
0.97649 0.12837
0.82086 0.024034
0.97644 0.12738
0.83755 0.039431
0.8862 0.060933
0.97648 0.12766
0.97621 0.12608
0.84068 0.039156
0.90435 0.06845
0.83344 0.029141
0.873 0.055497
0.97601 0.12501
0.8518 0.042415
0.97199 0.10351
0.83968 0.026508
0.89398 0.060166
0.97356 0.11397
0.96875 0.093092
0.84196 0.024223
0.96207 0.087913
0.85486 0.036535
0.87415 0.048663
0.95583 0.086682
0.94236 0.081304
0.86106 0.036235
0.93381 0.076589
0.86762 0.041043
0.92523 0.072859
0.922 0.071146
0.85891 0.025892
0.91844 0.068592
0.86503 0.02881
0.91686 0.066363
0.91847 0.06863
0.91793 0.06771
0.86714 0.023989
0.91609 0.065189
0.87973 0.040431
0.92012 0.065813
0.91644 0.064978
0.91833 0.065397
0.882 0.037734
0.92415 0.066699
0.88135 0.022979
0.90035 0.047802
0.92269 0.066336
0.92774 0.067822
0.88738 0.022467
0.90309 0.047679
0.89542 0.036988
0.90552 0.046061
0.93257 0.069307
0.93546 0.070667
0.89609 0.022857
0.90927 0.045643
0.9038 0.035388
0.91479 0.046503
0.93963 0.071724
0.94167 0.071132
0.90616 0.029488
0.9211 0.048064
0.91574 0.037405
0.92386 0.048574
0.94237 0.068956
0.94608 0.069712
0.9149 0.032886
0.9283 0.044876
0.92048 0.027966
0.95196 0.070611
0.94842 0.069975
0.95414 0.070917
0.92636 0.023439
0.93468 0.042725
0.93092 0.030489
0.96035 0.069505
0.93543 0.027717
0.94698 0.048928
0.94294 0.031934
0.95143 0.046228
0.96254 0.068769
0.94924 0.03632
0.96841 0.068998
0.95307 0.035537
0.97189 0.067491
0.96981 0.06754
0.9715 0.067366
0.95712 0.025436
0.96383 0.039348
0.9628 0.028571
0.97512 0.066052
0.97427 0.06655
0.9758 0.065891
0.97041 0.03093
0.97129 0.036428
0.97866 0.030675
0.9792 0.042432
0.97667 0.065937
