345
0.021348 0.024059
0.020517 0.031951
0.03914 0.024315
0.022766 0.031972
0.021541 0.031951
0.023377 0.031953
0.047919 0.021767
0.035606 0.029977
0.052806 0.026478
0.027428 0.033261
0.025419 0.032405
0.071553 0.021583
0.028736 0.033496
0.086373 0.021475
0.030001 0.033521
0.029335 0.033511
0.031142 0.033639
0.10502 0.020968
0.065176 0.029805
0.11392 0.027518
0.044748 0.034296
0.034755 0.034009
0.040898 0.033623
0.12671 0.024746
0.053072 0.033999
0.1337 0.022096
0.068196 0.034555
0.059606 0.0332
0.068382 0.03458
0.14005 0.027822
0.092442 0.03078
0.14963 0.022672
0.12352 0.033798
0.094951 0.030834
0.1009 0.032716
0.15477 0.025683
0.12598 0.035199
0.16109 0.023405
0.14581 0.038973
0.10023 0.033051
0.10023 0.033527
0.16185 0.031992
0.14067 0.039195
0.16958 0.025585
0.14033 0.041592
0.097754 0.03373
0.090382 0.034815
0.17742 0.028112
0.08551 0.035635
0.18631 0.023182
0.14115 0.047194
0.085787 0.035625
0.095179 0.035171
0.19406 0.026438
0.098941 0.035453
0.19711 0.028423
0.16776 0.039057
0.1003 0.035564
0.10543 0.03655
0.20801 0.024555
0.16446 0.042358
0.19515 0.033456
0.10834 0.03885
0.10616 0.037185
0.23402 0.022846
0.10953 0.03979
0.23977 0.026728
0.18239 0.040298
0.11025 0.040282
0.11214 0.041022
0.24787 0.026774
0.1115 0.041328
0.24547 0.029743
0.11066 0.041677
0.11104 0.041467
0.11008 0.041747
0.25595 0.026486
0.22729 0.032898
0.26564 0.025374
0.10479 0.040149
0.10763 0.041357
0.10414 0.03982
0.2615 0.029336
0.22771 0.036422
0.25242 0.035529
0.050486 0.044216
0.037827 0.043128
0.27357 0.028816
0.21792 0.035562
0.27241 0.030264
0.14783 0.049196
0.030577 0.044831
0.029219 0.046301
0.27051 0.033214
0.028947 0.047328
0.27674 0.031549
0.12438 0.044753
0.028843 0.0497
0.028892 0.052648
0.28369 0.03002
0.20502 0.036958
0.3075 0.023856
0.028311 0.055588
0.028368 0.053852
0.028314 0.055639
0.28283 0.031952
0.068862 0.045291
0.28173 0.032899
0.08891 0.041483
0.028445 0.055973
0.30984 0.02821
0.099265 0.041544
0.32148 0.023545
0.034404 0.056111
0.028863 0.056615
0.028956 0.056735
0.31894 0.028003
0.029119 0.056824
0.27911 0.0348
0.029187 0.056843
0.029117 0.056823
0.029175 0.056842
0.30249 0.031717
0.029424 0.056931
0.33806 0.022253
0.13417 0.048282
0.15583 0.047931
0.051891 0.046843
0.049587 0.0472
0.35007 0.022568
0.32894 0.030332
0.37033 0.020638
0.36396 0.023597
0.33193 0.031887
0.35916 0.027345
0.29761 0.032685
0.34346 0.033823
0.33755 0.033767
0.049661 0.046833
0.053093 0.046746
0.37045 0.031906
0.36299 0.035653
0.24942 0.040408
0.32649 0.039367
0.34763 0.038461
0.3034 0.039562
0.3336 0.039345
0.28567 0.039704
0.27827 0.040358
0.38486 0.021387
0.38233 0.022852
0.3954 0.020219
0.39133 0.022791
0.3802 0.024718
0.40229 0.021263
0.3923 0.026064
0.36469 0.031895
0.37872 0.031177
0.38069 0.032466
0.39002 0.030492
0.34472 0.040317
0.35978 0.039389
0.39412 0.027803
0.39777 0.024151
0.28581 0.039903
0.36739 0.037715
0.39017 0.03663
0.40241 0.026747
0.3867 0.039986
0.37455 0.034837
0.39693 0.037081
0.39975 0.027876
0.37875 0.038006
0.41875 0.020504
0.44047 0.021362
0.49486 0.020874
0.46198 0.024906
0.44329 0.023192
0.49962 0.023467
0.41245 0.024097
0.42196 0.034105
0.53506 0.028032
0.50604 0.029065
0.4169 0.029377
0.42216 0.036662
0.50555 0.030532
0.49395 0.034527
0.4044 0.024749
0.40716 0.025212
0.47363 0.0329
0.44721 0.032482
0.41443 0.032186
0.41036 0.029518
0.44882 0.035651
0.41571 0.038855
0.43065 0.033626
0.54575 0.02105
0.54814 0.024447
0.57111 0.021427
0.57918 0.02545
0.55768 0.028339
0.56984 0.030196
0.56586 0.036471
0.57382 0.037727
0.59402 0.034411
0.54386 0.033632
0.53019 0.031579
0.60536 0.038488
0.61361 0.035897
0.5215 0.034499
0.50191 0.034988
0.59458 0.035222
0.54712 0.040112
0.49525 0.034913
0.51195 0.036666
0.53427 0.040381
0.58225 0.02232
0.60843 0.028152
0.60154 0.026033
0.63011 0.036054
0.60128 0.030189
0.83675 0.039444
0.62234 0.037284
0.60716 0.037919
0.58246 0.039719
0.5558 0.038338
0.607 0.022092
0.89773 0.040615
0.62085 0.02384
0.92512 0.039402
0.88837 0.041345
0.94426 0.042051
0.63856 0.037304
0.71172 0.038878
0.64205 0.036589
0.82239 0.038659
0.9614 0.043301
0.96571 0.043742
0.63055 0.022806
0.96704 0.043765
0.65499 0.035084
0.96773 0.043878
0.96731 0.043814
0.96777 0.043879
0.64404 0.028187
0.79596 0.040078
0.64887 0.027676
0.96761 0.04375
0.96773 0.043835
0.6497 0.022621
0.96734 0.043644
0.66595 0.035687
0.70427 0.039728
0.96752 0.043709
0.96603 0.043383
0.66869 0.035891
0.74499 0.039092
0.66552 0.027643
0.68514 0.038354
0.96486 0.043277
0.67557 0.036091
0.94514 0.040705
0.67304 0.024807
0.72156 0.037883
0.95102 0.043224
0.93214 0.035679
0.67581 0.022944
0.90151 0.037553
0.68781 0.031392
0.70233 0.039535
0.88259 0.03866
0.85902 0.039633
0.69631 0.033146
0.82278 0.037472
0.69938 0.037251
0.79188 0.040246
0.78417 0.039456
0.7002 0.024737
0.77297 0.038071
0.70659 0.026743
0.76769 0.0389
0.77306 0.038064
0.77099 0.038307
0.71063 0.022913
0.76616 0.039165
0.71994 0.034526
0.77839 0.038055
0.76668 0.039027
0.77181 0.037922
0.72289 0.033208
0.78828 0.039842
0.73013 0.022283
0.74457 0.037219
0.78495 0.039136
0.7976 0.037911
0.73854 0.02201
0.74893 0.038648
0.7419 0.033571
0.75297 0.039467
0.81583 0.037301
0.82799 0.035016
0.74816 0.022967
0.75732 0.039725
0.75284 0.035549
0.76219 0.037244
0.84484 0.037783
0.8493 0.037633
0.7557 0.029302
0.77815 0.032955
0.76572 0.030433
0.78474 0.033897
0.84991 0.037025
0.86124 0.038214
0.76642 0.027623
0.79448 0.031176
0.77941 0.024136
0.87247 0.036864
0.86664 0.039379
0.87754 0.034446
0.78986 0.021802
0.81246 0.028637
0.79935 0.024357
0.89963 0.032616
0.81184 0.022933
0.85374 0.030347
0.83541 0.023517
0.86366 0.029889
0.90873 0.031835
0.85583 0.025808
0.93496 0.030818
0.86556 0.025578
0.94807 0.031408
0.94073 0.031093
0.94682 0.031545
0.87724 0.021461
0.90546 0.024512
0.89896 0.02213
0.96123 0.030065
0.95709 0.029926
0.96421 0.030122
0.93495 0.022264
0.94014 0.023581
0.97389 0.022342
0.97649 0.02492
0.9672 0.030396
