345
0.022609 0.022097
0.021006 0.026174
0.062428 0.021746
0.02538 0.026185
0.022997 0.026174
0.02657 0.026175
0.082441 0.020908
0.053665 0.024093
0.091004 0.023558
0.034581 0.026309
0.030564 0.026186
0.12388 0.021007
0.037463 0.026305
0.14187 0.021341
0.040494 0.026215
0.038869 0.026264
0.043466 0.026115
0.16357 0.020816
0.11226 0.025632
0.17368 0.025856
0.076449 0.026709
0.052502 0.025756
0.067844 0.025726
0.19227 0.023007
0.091594 0.027704
0.20456 0.021196
0.11934 0.028513
0.10274 0.027568
0.11972 0.028543
0.21554 0.024204
0.1487 0.029394
0.23502 0.021284
0.18971 0.028934
0.15154 0.02933
0.15986 0.030752
0.24618 0.02261
0.1944 0.029433
0.26042 0.02157
0.23877 0.028595
0.15912 0.031033
0.15932 0.031418
0.26538 0.025605
0.22865 0.029182
0.27848 0.022821
0.23229 0.030098
0.15613 0.031629
0.14748 0.032955
0.29254 0.024733
0.14255 0.034057
0.30691 0.022223
0.2477 0.032642
0.14283 0.034049
0.15312 0.032889
0.31707 0.02559
0.1584 0.032989
0.32084 0.027894
0.29317 0.029828
0.16024 0.03305
0.16719 0.033401
0.33055 0.024886
0.29593 0.031907
0.32368 0.032639
0.17162 0.034861
0.16838 0.033814
0.35297 0.023409
0.17359 0.035533
0.35826 0.028076
0.32111 0.038897
0.17497 0.035867
0.17843 0.03619
0.36533 0.028234
0.17773 0.036624
0.3655 0.032089
0.17675 0.037148
0.17715 0.036862
0.17593 0.037335
0.37154 0.028549
0.35513 0.036174
0.37836 0.027619
0.16824 0.036416
0.17232 0.037349
0.16724 0.03614
0.37765 0.03291
0.36033 0.042592
0.37557 0.040359
0.0964 0.033154
0.069065 0.029445
0.38633 0.03352
0.34809 0.037485
0.38668 0.035676
0.27664 0.033759
0.048605 0.03007
0.045378 0.031074
0.38769 0.039806
0.045203 0.03152
0.39076 0.03828
0.20316 0.035716
0.046696 0.032355
0.049531 0.033451
0.3941 0.036762
0.33574 0.038192
0.404 0.02683
0.049928 0.035182
0.048506 0.034277
0.049995 0.035206
0.39521 0.040022
0.13067 0.039622
0.39529 0.0415
0.14771 0.039443
0.050992 0.035312
0.40714 0.035145
0.16161 0.038602
0.41155 0.02651
0.086036 0.037573
0.053787 0.035547
0.054392 0.035593
0.4117 0.034793
0.055329 0.035638
0.39501 0.044175
0.055711 0.035645
0.055318 0.035637
0.055646 0.035645
0.406 0.041668
0.057108 0.035592
0.41989 0.02466
0.2324 0.035086
0.295 0.035734
0.10519 0.037162
0.10339 0.037468
0.42571 0.025467
0.41866 0.040603
0.43539 0.021562
0.43188 0.028138
0.42127 0.044187
0.43136 0.036102
0.40413 0.043355
0.42803 0.049327
0.42513 0.048569
0.10235 0.036729
0.10629 0.037211
0.44146 0.05061
0.43952 0.056033
0.38093 0.047188
0.4287 0.059342
0.43537 0.060039
0.4283 0.066485
0.43186 0.061673
0.42622 0.068225
0.42595 0.070067
0.45362 0.022246
0.45217 0.024986
0.46135 0.020259
0.45803 0.023632
0.4507 0.028961
0.46848 0.021472
0.45881 0.027658
0.43736 0.047725
0.45074 0.043741
0.45211 0.044324
0.45662 0.034444
0.43647 0.06604
0.44075 0.064501
0.46029 0.029442
0.46358 0.024784
0.42803 0.071202
0.444 0.065638
0.45612 0.04475
0.4686 0.027882
0.45445 0.059074
0.4492 0.069544
0.46119 0.04054
0.46579 0.028944
0.45217 0.065641
0.47984 0.020918
0.4902 0.022949
0.50934 0.022656
0.49895 0.03381
0.49135 0.027159
0.51087 0.030344
0.47632 0.026466
0.48087 0.047601
0.52375 0.037144
0.51183 0.046422
0.47892 0.036445
0.48247 0.059899
0.51137 0.050711
0.50667 0.065019
0.47044 0.025766
0.47269 0.026773
0.50033 0.063077
0.49167 0.04979
0.47766 0.040182
0.47505 0.033866
0.49307 0.064146
0.48171 0.069306
0.4847 0.049715
0.52998 0.022107
0.5313 0.029042
0.54107 0.023382
0.54455 0.031548
0.53505 0.039195
0.54002 0.044137
0.53839 0.058668
0.54137 0.06168
0.55242 0.0397
0.52794 0.046898
0.52076 0.046277
0.55942 0.046931
0.56468 0.043545
0.517 0.056464
0.50962 0.063765
0.55275 0.04068
0.52931 0.060174
0.50714 0.066205
0.51347 0.064521
0.52181 0.062594
0.54605 0.024565
0.56368 0.031782
0.55927 0.028356
0.57978 0.038578
0.55858 0.034136
0.79292 0.036006
0.57058 0.042256
0.56036 0.046423
0.54459 0.060859
0.53382 0.061319
0.56287 0.022998
0.87616 0.039361
0.57231 0.024907
0.90146 0.039513
0.86624 0.039239
0.9193 0.039286
0.58751 0.042591
0.65591 0.040465
0.59042 0.042543
0.78192 0.037102
0.94458 0.036039
0.95154 0.035587
0.58088 0.023236
0.95421 0.035533
0.59622 0.04245
0.95564 0.0355
0.95475 0.035523
0.95573 0.035495
0.59236 0.030851
0.75635 0.038708
0.5953 0.030354
0.95544 0.035428
0.95567 0.035469
0.59589 0.023545
0.95489 0.035396
0.60467 0.039351
0.65027 0.040619
0.95525 0.035413
0.95237 0.035346
0.60745 0.038512
0.68044 0.038102
0.60796 0.028486
0.62606 0.038541
0.95024 0.035313
0.61592 0.037608
0.9222 0.036932
0.61583 0.025165
0.66435 0.038288
0.92848 0.038128
0.91085 0.03511
0.61868 0.023152
0.88097 0.035889
0.62943 0.031128
0.64833 0.03924
0.85945 0.035577
0.82773 0.036108
0.63965 0.031847
0.78305 0.03519
0.6445 0.035918
0.74939 0.036595
0.73528 0.035717
0.64364 0.02443
0.71995 0.036003
0.64996 0.026766
0.71505 0.036648
0.72003 0.035996
0.71809 0.036176
0.65395 0.022976
0.71332 0.036954
0.66298 0.034517
0.72631 0.035069
0.71394 0.03675
0.71908 0.035702
0.66629 0.033272
0.74371 0.03533
0.67357 0.022283
0.68284 0.034147
0.73717 0.034974
0.75788 0.035689
0.68097 0.021901
0.68751 0.034077
0.68213 0.031818
0.69398 0.0339
0.77599 0.034771
0.78866 0.032728
0.69274 0.022174
0.70182 0.03443
0.69718 0.030617
0.7109 0.033824
0.80782 0.031797
0.81671 0.031698
0.70484 0.026668
0.7288 0.030731
0.71687 0.029142
0.73855 0.030496
0.81835 0.031352
0.83171 0.034373
0.718 0.026762
0.75303 0.029048
0.73186 0.023376
0.84551 0.033346
0.83688 0.036019
0.85447 0.031656
0.74651 0.021329
0.77234 0.02768
0.7589 0.023848
0.87977 0.031627
0.77155 0.02262
0.82602 0.027228
0.79882 0.022895
0.83828 0.028079
0.88945 0.030931
0.82881 0.024253
0.91643 0.029895
0.84042 0.024557
0.93249 0.028655
0.92293 0.029449
0.9308 0.028858
0.85542 0.021193
0.88664 0.024163
0.87963 0.021969
0.95071 0.02692
0.94549 0.027157
0.95496 0.026856
0.91713 0.022074
0.92289 0.023073
0.97056 0.02151
0.97457 0.023182
0.95999 0.026847
