345
0.021284 0.02426
0.020572 0.032485
0.038632 0.023608
0.023058 0.032504
0.021702 0.032485
0.023732 0.032486
0.051382 0.021221
0.036351 0.028744
0.05908 0.024369
0.028449 0.033605
0.026049 0.032892
0.087526 0.020904
0.030001 0.033431
0.11457 0.020841
0.031472 0.033001
0.030697 0.033231
0.032829 0.032674
0.14009 0.020845
0.081185 0.026095
0.15013 0.026864
0.054821 0.02946
0.037274 0.031656
0.04734 0.029498
0.1634 0.02483
0.06899 0.029322
0.17017 0.02213
0.092446 0.02857
0.077304 0.028518
0.092747 0.028582
0.17648 0.027094
0.12563 0.027653
0.18822 0.022143
0.16059 0.033776
0.12864 0.028176
0.13582 0.03097
0.1946 0.024424
0.16327 0.035612
0.2028 0.022796
0.18361 0.035429
0.13515 0.031197
0.13526 0.03163
0.20378 0.029924
0.17769 0.037296
0.21255 0.02508
0.17765 0.039553
0.13262 0.03133
0.12477 0.030556
0.22093 0.028197
0.11835 0.030042
0.2292 0.023727
0.17933 0.043962
0.11877 0.030102
0.13029 0.032033
0.23531 0.02839
0.13432 0.033183
0.23754 0.031367
0.21072 0.036918
0.13575 0.033488
0.14112 0.034636
0.2452 0.026268
0.20727 0.039091
0.23624 0.037938
0.14415 0.036998
0.1419 0.035266
0.26357 0.024369
0.14563 0.038001
0.26715 0.029898
0.22668 0.041859
0.14658 0.038547
0.14899 0.039476
0.27315 0.029291
0.14823 0.039654
0.27114 0.03364
0.14722 0.039812
0.14767 0.039712
0.1465 0.039788
0.27923 0.029252
0.25895 0.0393
0.28587 0.027254
0.14077 0.037915
0.14348 0.039282
0.14014 0.037569
0.28347 0.032988
0.25883 0.04365
0.27611 0.040751
0.085085 0.034546
0.051914 0.034212
0.29195 0.031
0.25201 0.041444
0.29104 0.033074
0.18711 0.043177
0.037834 0.038135
0.036485 0.039418
0.2896 0.037463
0.036916 0.039703
0.29494 0.033471
0.16424 0.044702
0.039235 0.039717
0.042805 0.039415
0.3009 0.030751
0.2419 0.043663
0.32268 0.024389
0.043909 0.039796
0.042243 0.039899
0.043973 0.039789
0.30029 0.032845
0.1194 0.039677
0.2994 0.033896
0.12701 0.037015
0.044783 0.039614
0.3248 0.029372
0.13598 0.039039
0.3352 0.023833
0.069383 0.038537
0.046904 0.039197
0.047349 0.039179
0.33303 0.02874
0.048037 0.039127
0.29725 0.036254
0.048317 0.0391
0.048028 0.039128
0.048269 0.039105
0.31933 0.033285
0.049292 0.039012
0.35122 0.022248
0.17361 0.047286
0.19662 0.041448
0.096687 0.036354
0.093521 0.036022
0.3634 0.02265
0.34214 0.030922
0.38005 0.020855
0.37539 0.024613
0.34508 0.032365
0.37184 0.02886
0.31527 0.034276
0.35688 0.033861
0.35064 0.03374
0.092502 0.035774
0.098625 0.036589
0.38107 0.035887
0.37689 0.040102
0.27284 0.044198
0.33905 0.040262
0.36244 0.039037
0.32172 0.041822
0.34647 0.039654
0.30399 0.04063
0.29691 0.041908
0.39175 0.021563
0.38927 0.023316
0.40175 0.020244
0.39792 0.023026
0.3874 0.025634
0.4077 0.021481
0.39884 0.0266
0.37686 0.035449
0.38674 0.033566
0.38856 0.034775
0.39685 0.03139
0.35915 0.040483
0.37581 0.04353
0.40057 0.028633
0.40384 0.024715
0.30417 0.040781
0.38062 0.042967
0.39871 0.038151
0.40781 0.027917
0.3962 0.041857
0.3847 0.038818
0.40492 0.039508
0.40551 0.029071
0.38842 0.041561
0.42121 0.02059
0.43962 0.021682
0.49037 0.020858
0.45756 0.025438
0.44188 0.023902
0.49529 0.023404
0.41599 0.024752
0.42553 0.036611
0.53628 0.025859
0.50163 0.028906
0.41957 0.030972
0.42638 0.039681
0.50107 0.030349
0.48928 0.034288
0.40945 0.025648
0.4117 0.026266
0.46896 0.03288
0.44564 0.03507
0.4178 0.034281
0.41428 0.031216
0.44742 0.038819
0.41932 0.041589
0.43271 0.036548
0.55067 0.020799
0.55395 0.023484
0.57696 0.021532
0.58516 0.025546
0.56504 0.02835
0.57565 0.031004
0.57038 0.03822
0.57581 0.039775
0.59761 0.035047
0.54809 0.030189
0.52935 0.028447
0.60818 0.038972
0.61784 0.038248
0.51691 0.03229
0.49724 0.034725
0.59789 0.03588
0.55238 0.035559
0.49059 0.034643
0.50689 0.036238
0.53431 0.0348
0.58806 0.022358
0.61366 0.028983
0.60673 0.026239
0.63024 0.040288
0.60625 0.030501
0.82986 0.040263
0.62419 0.041303
0.61056 0.039013
0.58293 0.040473
0.56251 0.037645
0.61219 0.022273
0.89458 0.039231
0.62402 0.024761
0.91711 0.040505
0.87993 0.038215
0.93414 0.039832
0.63491 0.041255
0.7061 0.038341
0.63755 0.0409
0.81348 0.03897
0.95329 0.039618
0.95781 0.039039
0.63173 0.02352
0.95976 0.038739
0.64726 0.038779
0.96082 0.038637
0.96018 0.038702
0.96088 0.038628
0.64245 0.030405
0.79471 0.040129
0.6462 0.029556
0.96066 0.038586
0.96083 0.038611
0.64686 0.023254
0.96025 0.038581
0.65714 0.037842
0.69799 0.037974
0.96052 0.038581
0.95832 0.038724
0.65981 0.037678
0.73578 0.039598
0.65994 0.028618
0.67659 0.037954
0.9568 0.038935
0.66752 0.037382
0.9354 0.038926
0.66695 0.025208
0.71344 0.03871
0.94214 0.040113
0.92319 0.036032
0.66961 0.023178
0.89819 0.037563
0.68032 0.031575
0.69522 0.037392
0.8724 0.037448
0.84734 0.038386
0.68896 0.031935
0.81411 0.038205
0.69171 0.035479
0.78728 0.03905
0.77518 0.037897
0.69386 0.024248
0.76361 0.038102
0.70156 0.026461
0.75884 0.038748
0.76368 0.038092
0.76199 0.038352
0.70578 0.022875
0.75735 0.038735
0.71278 0.035384
0.76792 0.037811
0.75786 0.038715
0.76273 0.038021
0.71583 0.034359
0.78117 0.037527
0.72404 0.022443
0.73587 0.038533
0.77643 0.03749
0.79524 0.038865
0.73129 0.022225
0.73983 0.038901
0.73371 0.034968
0.74361 0.039145
0.8077 0.039296
0.82038 0.034925
0.74037 0.023012
0.74886 0.039055
0.74419 0.035712
0.75391 0.036798
0.83493 0.039442
0.83814 0.038953
0.74803 0.029242
0.76941 0.032765
0.75838 0.030397
0.77727 0.032595
0.83865 0.038354
0.85061 0.037227
0.75919 0.027603
0.78975 0.031138
0.7719 0.024069
0.86288 0.036897
0.85736 0.038313
0.86761 0.034342
0.78333 0.021642
0.80461 0.029891
0.79372 0.024561
0.894 0.031979
0.80407 0.023386
0.84294 0.030313
0.82715 0.023761
0.85435 0.029343
0.90269 0.032672
0.84514 0.025617
0.92612 0.03065
0.85636 0.0253
0.94029 0.030214
0.93175 0.030385
0.93888 0.030419
0.86753 0.021448
0.89902 0.024614
0.89227 0.021977
0.95501 0.028461
0.95046 0.028769
0.95836 0.028206
0.92613 0.022227
0.93125 0.023362
0.97161 0.021704
0.97518 0.023579
0.9624 0.028095
