345
0.020929 0.02599
0.022366 0.044412
0.034419 0.025273
0.032824 0.044459
0.027045 0.044412
0.035501 0.0445
0.041583 0.022061
0.045238 0.033226
0.050501 0.02805
0.055074 0.045091
0.044904 0.044645
0.060636 0.022104
0.060155 0.045407
0.069241 0.022731
0.066405 0.045811
0.063079 0.045593
0.071166 0.046252
0.078715 0.021564
0.077548 0.035282
0.089411 0.029735
0.089033 0.048313
0.078988 0.047108
0.086173 0.048089
0.096755 0.025092
0.093356 0.048108
0.10421 0.022148
0.09894 0.047807
0.095829 0.047979
0.099026 0.047803
0.11055 0.02768
0.10751 0.047633
0.12014 0.022331
0.11943 0.036281
0.10879 0.047745
0.12051 0.050024
0.12683 0.024324
0.12744 0.038742
0.136 0.022684
0.13566 0.03578
0.12406 0.051086
0.12885 0.052379
0.14039 0.030406
0.13785 0.038558
0.14565 0.025998
0.14393 0.041798
0.13172 0.054237
0.13601 0.058073
0.15199 0.030098
0.13804 0.060992
0.15895 0.023527
0.15264 0.045269
0.13817 0.061064
0.14158 0.062305
0.16651 0.027317
0.14396 0.062951
0.17014 0.030557
0.16582 0.043187
0.14494 0.063166
0.14937 0.063886
0.17664 0.028326
0.17063 0.049295
0.17748 0.038208
0.15487 0.066209
0.15128 0.065193
0.18721 0.02663
0.15742 0.067185
0.19088 0.033151
0.18211 0.050421
0.15876 0.067457
0.1616 0.06836
0.19508 0.030001
0.1626 0.070047
0.19646 0.034521
0.1634 0.071925
0.16294 0.070939
0.16335 0.072683
0.20132 0.029254
0.19493 0.051203
0.20741 0.029188
0.1585 0.076758
0.16129 0.075064
0.15791 0.077003
0.20784 0.035506
0.19795 0.058396
0.20815 0.044979
0.13874 0.076157
0.13116 0.074411
0.21428 0.036802
0.19435 0.065803
0.21486 0.039401
0.18596 0.073555
0.1182 0.070952
0.1091 0.068919
0.21639 0.044833
0.10662 0.068628
0.21866 0.043725
0.17517 0.080938
0.10323 0.068554
0.099366 0.068974
0.2209 0.044101
0.19441 0.073262
0.2258 0.030621
0.093249 0.071338
0.096922 0.069419
0.093049 0.071532
0.22217 0.050634
0.14733 0.084297
0.22263 0.05388
0.15488 0.085524
0.092157 0.072496
0.22792 0.042511
0.15924 0.086499
0.23091 0.028719
0.12469 0.080667
0.09027 0.077239
0.09037 0.078194
0.23151 0.039195
0.091465 0.078601
0.22392 0.062427
0.092036 0.078373
0.091444 0.078607
0.091908 0.078457
0.22784 0.058586
0.095147 0.076367
0.23821 0.025402
0.17968 0.08782
0.19046 0.084511
0.12605 0.085556
0.12285 0.084665
0.24315 0.026481
0.239 0.044183
0.25128 0.021516
0.24829 0.028825
0.24218 0.049199
0.24882 0.037008
0.22725 0.06995
0.24769 0.052131
0.24529 0.055699
0.12999 0.086528
0.12625 0.085878
0.27182 0.034956
0.28149 0.036528
0.2198 0.075539
0.25274 0.060079
0.27448 0.040223
0.28895 0.041113
0.26106 0.053112
0.29328 0.04071
0.305 0.040598
0.30032 0.021121
0.28733 0.022743
0.44325 0.020161
0.41024 0.021202
0.28057 0.024809
0.48018 0.021142
0.41615 0.022821
0.25875 0.038216
0.31587 0.027577
0.343 0.024704
0.39451 0.02363
0.3302 0.02782
0.34592 0.027214
0.43105 0.024342
0.4563 0.02458
0.3236 0.03159
0.33849 0.030954
0.38898 0.025743
0.48077 0.026112
0.37953 0.027216
0.3634 0.029849
0.41966 0.027986
0.45884 0.027325
0.39778 0.028995
0.56533 0.020204
0.62504 0.020663
0.71858 0.021
0.68008 0.022394
0.63029 0.021424
0.72217 0.024275
0.54953 0.022919
0.57483 0.024855
0.74184 0.032387
0.71787 0.029831
0.55879 0.024565
0.57562 0.026635
0.7149 0.031078
0.69137 0.030558
0.51613 0.024848
0.53175 0.02585
0.65616 0.026656
0.62836 0.026475
0.55194 0.027973
0.53684 0.028852
0.66848 0.029509
0.658 0.030317
0.60719 0.028091
0.75299 0.021441
0.75514 0.026138
0.76709 0.024115
0.76913 0.037395
0.75761 0.033285
0.76373 0.042076
0.75546 0.045273
0.75897 0.050703
0.77216 0.064149
0.74473 0.039919
0.73604 0.036756
0.79044 0.073116
0.80094 0.079031
0.72583 0.036183
0.70139 0.035253
0.77233 0.066845
0.74178 0.051393
0.69797 0.036653
0.70868 0.041896
0.73153 0.045678
0.77049 0.027651
0.77661 0.054586
0.77557 0.042655
0.78485 0.061615
0.7746 0.057951
0.85092 0.088497
0.80308 0.079633
0.79471 0.075896
0.7647 0.064363
0.7456 0.054175
0.77751 0.028708
0.86791 0.089709
0.78031 0.034278
0.87589 0.090478
0.86566 0.089444
0.87848 0.090637
0.79149 0.061298
0.8237 0.081924
0.79187 0.059553
0.85061 0.084329
0.88412 0.090232
0.88728 0.089783
0.78357 0.027945
0.88931 0.089043
0.79441 0.056398
0.89069 0.087575
0.88973 0.088728
0.89082 0.087184
0.78892 0.039557
0.84742 0.081352
0.7907 0.037623
0.89041 0.082624
0.89073 0.08532
0.79098 0.026063
0.88971 0.080968
0.79957 0.049687
0.82175 0.072662
0.89015 0.081874
0.88794 0.078697
0.80161 0.048624
0.83046 0.075582
0.79885 0.03387
0.81704 0.065329
0.88642 0.077565
0.80818 0.051218
0.87828 0.074972
0.80328 0.029559
0.82781 0.068632
0.88117 0.075426
0.87448 0.074461
0.80482 0.026095
0.87048 0.074146
0.81203 0.041505
0.82192 0.054929
0.8673 0.07401
0.85965 0.073679
0.81681 0.039969
0.85478 0.072839
0.82034 0.045246
0.8495 0.070607
0.84736 0.069174
0.8175 0.027311
0.84548 0.066804
0.82256 0.03033
0.84535 0.064461
0.84547 0.066846
0.84554 0.065828
0.82439 0.024583
0.84535 0.063204
0.83087 0.041221
0.84909 0.062572
0.84585 0.062773
0.84749 0.062632
0.83425 0.037661
0.85289 0.062284
0.83764 0.022944
0.84366 0.045745
0.85152 0.062345
0.85598 0.062349
0.84395 0.022261
0.84666 0.044346
0.84857 0.034211
0.85139 0.04078
0.86025 0.061554
0.86249 0.061403
0.85411 0.022292
0.85695 0.038612
0.86077 0.03105
0.8641 0.037951
0.86736 0.058994
0.87132 0.056866
0.86787 0.026355
0.87122 0.03869
0.8772 0.031102
0.87468 0.03915
0.87579 0.054229
0.8806 0.053341
0.88072 0.028249
0.886 0.036489
0.89041 0.025214
0.88896 0.052102
0.88405 0.052783
0.89183 0.051706
0.8992 0.022248
0.89796 0.035053
0.90624 0.026705
0.90674 0.048405
0.91335 0.024907
0.91026 0.038356
0.92444 0.027303
0.92183 0.03613
0.91331 0.047418
0.92973 0.029877
0.92628 0.046197
0.93726 0.029434
0.93954 0.045341
0.93251 0.045699
0.9384 0.045397
0.94963 0.023506
0.95101 0.033337
0.95771 0.02602
0.95547 0.044679
0.95033 0.044827
0.95924 0.044586
0.96688 0.028418
0.9654 0.032649
0.97819 0.028252
0.97838 0.035968
0.96367 0.044478
