345
0.021482 0.023693
0.020573 0.030872
0.043366 0.023425
0.023065 0.030891
0.021707 0.030872
0.023743 0.030873
0.054184 0.021461
0.039323 0.027826
0.059817 0.025988
0.028314 0.031016
0.026019 0.030894
0.077629 0.021883
0.029942 0.031005
0.087102 0.022728
0.03165 0.031026
0.030734 0.031017
0.033336 0.031023
0.096438 0.021863
0.071038 0.030772
0.10156 0.032732
0.05052 0.031678
0.038769 0.030955
0.045956 0.031236
0.10922 0.027543
0.060295 0.033044
0.11391 0.023159
0.075408 0.035948
0.066639 0.034174
0.07564 0.035999
0.11819 0.031317
0.091721 0.040855
0.12491 0.023325
0.11081 0.04202
0.093039 0.041446
0.097058 0.044681
0.12948 0.026047
0.11324 0.04428
0.1363 0.023536
0.12741 0.04178
0.096832 0.045368
0.097028 0.046208
0.13874 0.03328
0.12476 0.045322
0.1438 0.027371
0.12599 0.047602
0.09576 0.046992
0.092143 0.048006
0.14874 0.03176
0.089929 0.048335
0.15528 0.023872
0.13194 0.049808
0.090084 0.048403
0.094811 0.049734
0.16249 0.027638
0.097091 0.04973
0.16555 0.030796
0.14968 0.044567
0.097887 0.049675
0.10127 0.049583
0.17235 0.028412
0.15069 0.048869
0.16821 0.038316
0.10434 0.051709
0.10209 0.050214
0.18297 0.026711
0.10578 0.052806
0.18566 0.033445
0.16719 0.046605
0.10678 0.053449
0.10933 0.055271
0.19065 0.030222
0.10907 0.055838
0.19092 0.034819
0.10861 0.056419
0.10876 0.056037
0.1081 0.056482
0.19667 0.029012
0.18468 0.049606
0.20313 0.028539
0.10275 0.055294
0.1057 0.05635
0.10205 0.054973
0.20263 0.034456
0.18663 0.055877
0.20115 0.04306
0.065481 0.043172
0.046912 0.038207
0.2099 0.034653
0.1813 0.057859
0.21018 0.036863
0.14483 0.064914
0.037175 0.038853
0.035174 0.040315
0.21123 0.040979
0.035114 0.041115
0.21404 0.039786
0.12185 0.065272
0.036183 0.042886
0.038291 0.0458
0.21675 0.039752
0.17677 0.058859
0.22479 0.028318
0.038964 0.051362
0.037785 0.047828
0.039017 0.051487
0.21756 0.0447
0.083145 0.054706
0.21751 0.047262
0.093747 0.061464
0.039692 0.052009
0.22628 0.03737
0.099653 0.061512
0.23152 0.026536
0.058993 0.047739
0.041468 0.053138
0.041792 0.053282
0.23161 0.034406
0.042263 0.053338
0.21666 0.054067
0.042445 0.053309
0.042258 0.053339
0.042415 0.05332
0.22359 0.049419
0.043025 0.052827
0.24155 0.023855
0.1285 0.067667
0.14774 0.066151
0.070783 0.054487
0.070201 0.055324
0.24863 0.024503
0.24214 0.037082
0.26039 0.021053
0.25605 0.026047
0.24673 0.039875
0.25704 0.031658
0.22104 0.057533
0.25582 0.040905
0.25215 0.043199
0.069214 0.052332
0.071309 0.054792
0.28565 0.035693
0.29366 0.036885
0.20414 0.060343
0.26566 0.045475
0.28797 0.041093
0.3015 0.040289
0.27899 0.045114
0.30771 0.040282
0.3226 0.041979
0.31315 0.021202
0.29986 0.022705
0.43661 0.020029
0.39057 0.020768
0.2931 0.02495
0.50502 0.020203
0.40117 0.021322
0.27278 0.034536
0.32656 0.031057
0.34065 0.028875
0.37366 0.024368
0.3364 0.034786
0.34542 0.033317
0.42139 0.021139
0.47119 0.020657
0.33649 0.039391
0.35252 0.038115
0.36919 0.027545
0.50584 0.021086
0.36439 0.031276
0.36348 0.038158
0.40617 0.023204
0.48651 0.02124
0.37638 0.030028
0.60631 0.020101
0.64569 0.021068
0.69667 0.021244
0.67011 0.024986
0.64895 0.022471
0.69978 0.024996
0.56951 0.02066
0.61887 0.024514
0.722 0.028404
0.69566 0.0323
0.59066 0.021608
0.61947 0.026389
0.69304 0.033897
0.66639 0.036722
0.51852 0.020767
0.53565 0.020805
0.6479 0.036365
0.64412 0.031429
0.57886 0.021989
0.55244 0.021561
0.63871 0.040842
0.63197 0.043152
0.63234 0.030569
0.73848 0.021011
0.74139 0.024339
0.75989 0.022372
0.76421 0.029644
0.74484 0.029341
0.75443 0.033477
0.74083 0.037868
0.74605 0.040091
0.77513 0.042744
0.72561 0.033171
0.71217 0.033569
0.80437 0.062
0.81203 0.069774
0.70027 0.037872
0.67961 0.039991
0.77572 0.04397
0.71754 0.040843
0.66533 0.038173
0.68633 0.043832
0.70233 0.04327
0.76618 0.024182
0.78277 0.039429
0.77793 0.032554
0.79829 0.04927
0.77972 0.040603
0.89394 0.070011
0.81393 0.070499
0.80794 0.065897
0.75652 0.042911
0.72516 0.041272
0.77929 0.024877
0.92757 0.058942
0.78445 0.028335
0.93944 0.05896
0.92153 0.061348
0.9484 0.057314
0.80627 0.052651
0.84208 0.067911
0.8065 0.051177
0.89097 0.068132
0.96248 0.055575
0.96555 0.055368
0.78959 0.0249
0.96674 0.055326
0.809 0.049376
0.96745 0.055264
0.967 0.055312
0.9675 0.055248
0.79938 0.033732
0.88187 0.067577
0.8014 0.03271
0.96737 0.055014
0.96748 0.05515
0.80087 0.02434
0.96711 0.054907
0.81412 0.045154
0.83994 0.065159
0.96728 0.054966
0.96601 0.054677
0.81622 0.045137
0.84855 0.068018
0.81143 0.03133
0.83362 0.065834
0.96505 0.054519
0.82348 0.050954
0.95095 0.052004
0.81648 0.028381
0.8438 0.063666
0.95421 0.054001
0.94554 0.049821
0.81816 0.025489
0.93058 0.052615
0.8266 0.042803
0.83824 0.059975
0.91879 0.057734
0.90204 0.063534
0.831 0.043217
0.89126 0.062495
0.8345 0.051704
0.87895 0.062321
0.87404 0.062321
0.83093 0.028282
0.8686 0.06225
0.8347 0.032862
0.86613 0.061713
0.86864 0.062262
0.86779 0.061971
0.83644 0.0259
0.86491 0.061437
0.84209 0.052617
0.87084 0.059806
0.86541 0.061125
0.86821 0.060392
0.84317 0.050302
0.87676 0.058702
0.84553 0.025112
0.84911 0.055256
0.87462 0.059028
0.88202 0.058215
0.84871 0.024452
0.85051 0.054468
0.84899 0.048628
0.85256 0.052362
0.88888 0.057509
0.89297 0.057468
0.85347 0.024788
0.85646 0.050157
0.85475 0.042724
0.86314 0.048025
0.89858 0.056728
0.90107 0.055478
0.8596 0.032925
0.87149 0.046377
0.86631 0.039625
0.87502 0.045742
0.90174 0.053668
0.90647 0.052572
0.86651 0.034593
0.88062 0.041612
0.87243 0.028163
0.91495 0.04984
0.90964 0.051552
0.91868 0.048563
0.87843 0.02319
0.88881 0.038053
0.88368 0.02899
0.93116 0.043803
0.88918 0.026142
0.90658 0.038711
0.89927 0.02843
0.91337 0.035765
0.93602 0.042201
0.90913 0.030285
0.95003 0.039392
0.91538 0.029108
0.9588 0.037493
0.95353 0.038221
0.9578 0.037562
0.92199 0.02295
0.93619 0.02871
0.93293 0.024035
0.96724 0.036206
0.96503 0.036519
0.96901 0.036096
0.95144 0.024063
0.95434 0.025937
0.97597 0.023537
0.97768 0.027453
0.97128 0.036108
