345
0.021355 0.024038
0.0206 0.031833
0.039658 0.023584
0.023209 0.031852
0.021787 0.031833
0.023918 0.031835
0.051885 0.021271
0.037251 0.028583
0.059222 0.024427
0.028827 0.032895
0.026339 0.032219
0.086827 0.021073
0.030455 0.032755
0.11075 0.020834
0.032007 0.03245
0.031189 0.032618
0.033436 0.032223
0.13766 0.020748
0.081775 0.02677
0.14961 0.02553
0.055162 0.029732
0.038134 0.031504
0.048031 0.029857
0.16732 0.023362
0.069339 0.029108
0.17757 0.02143
0.090825 0.030615
0.077884 0.029031
0.091068 0.03063
0.18688 0.024933
0.12205 0.027269
0.20327 0.021562
0.16255 0.029916
0.12532 0.027675
0.13278 0.030002
0.2123 0.023534
0.16659 0.030954
0.22147 0.02259
0.19723 0.030947
0.132 0.030258
0.13202 0.030658
0.2225 0.029338
0.1888 0.032115
0.23131 0.024943
0.18882 0.033696
0.12925 0.030449
0.12099 0.03007
0.23993 0.027414
0.11456 0.029794
0.24976 0.022941
0.19141 0.036682
0.11497 0.029837
0.12664 0.031212
0.25807 0.026231
0.1307 0.032181
0.26103 0.028382
0.22876 0.036537
0.13214 0.032379
0.13739 0.033053
0.27143 0.024526
0.22574 0.038544
0.25847 0.033294
0.14015 0.034944
0.13808 0.033568
0.29678 0.023042
0.14175 0.035692
0.30156 0.02664
0.24363 0.038157
0.14286 0.036019
0.14587 0.036199
0.31167 0.026166
0.14478 0.036414
0.30862 0.029041
0.14337 0.036654
0.14401 0.036532
0.14239 0.036762
0.32025 0.027263
0.28967 0.0343
0.32778 0.026314
0.13615 0.036158
0.13874 0.036947
0.13562 0.035888
0.3252 0.031072
0.28887 0.037387
0.31573 0.035241
0.08562 0.036959
0.052037 0.034829
0.33369 0.029945
0.28035 0.035387
0.3322 0.031759
0.20261 0.036693
0.038174 0.037986
0.036719 0.039127
0.32987 0.035572
0.037128 0.039441
0.33642 0.032157
0.16763 0.036911
0.039435 0.03971
0.042876 0.039759
0.34449 0.029136
0.26618 0.037042
0.37072 0.024033
0.043897 0.040238
0.042293 0.040178
0.043959 0.040237
0.34323 0.030916
0.11471 0.039436
0.34186 0.031877
0.12244 0.036345
0.044751 0.04015
0.37292 0.028864
0.13118 0.037667
0.38282 0.024077
0.070134 0.037986
0.046821 0.039925
0.047249 0.03995
0.38083 0.029277
0.047913 0.039962
0.33841 0.034308
0.048184 0.039961
0.047904 0.039962
0.048137 0.039962
0.36694 0.031719
0.049128 0.039958
0.39819 0.022249
0.18287 0.038015
0.21602 0.037804
0.094823 0.039653
0.092385 0.039698
0.41043 0.022559
0.38886 0.031407
0.42963 0.020717
0.42383 0.023931
0.39149 0.032575
0.41952 0.02776
0.36183 0.031931
0.40376 0.033786
0.39691 0.033838
0.091576 0.039504
0.096302 0.039575
0.4312 0.033386
0.42574 0.036971
0.31074 0.036331
0.38495 0.040492
0.40871 0.038596
0.37058 0.039768
0.39146 0.039706
0.34495 0.037163
0.33625 0.038398
0.44294 0.021421
0.44024 0.022939
0.45359 0.020246
0.44989 0.022954
0.43811 0.024916
0.45908 0.021562
0.45083 0.026498
0.42572 0.033053
0.43789 0.031803
0.44034 0.033093
0.44908 0.031006
0.40542 0.040016
0.42408 0.039464
0.4525 0.028574
0.45552 0.024841
0.3451 0.037276
0.4312 0.038968
0.45236 0.037934
0.45917 0.028353
0.45078 0.040532
0.43623 0.036172
0.45737 0.040143
0.45706 0.029458
0.44168 0.039083
0.47216 0.020588
0.49051 0.021903
0.52102 0.021517
0.50431 0.029002
0.49264 0.024543
0.5236 0.025731
0.46691 0.024825
0.47712 0.036598
0.55189 0.028057
0.52799 0.034291
0.47015 0.030962
0.47871 0.038508
0.52738 0.036715
0.52209 0.043147
0.46069 0.025953
0.46281 0.026526
0.51379 0.043121
0.49907 0.039873
0.46798 0.034412
0.46506 0.031512
0.50379 0.043384
0.46925 0.039807
0.48573 0.037722
0.5624 0.021065
0.56501 0.024576
0.58589 0.021566
0.59341 0.026148
0.57369 0.029211
0.5847 0.031338
0.57654 0.039408
0.58489 0.03981
0.60543 0.037436
0.55989 0.033636
0.54666 0.032048
0.61552 0.040436
0.62501 0.039705
0.53926 0.038174
0.52522 0.04275
0.60586 0.038378
0.5614 0.040762
0.52261 0.043337
0.53169 0.043493
0.54961 0.040962
0.59617 0.022627
0.61857 0.029853
0.61204 0.027048
0.63774 0.041944
0.6117 0.031876
0.82326 0.03929
0.63225 0.042537
0.61813 0.040346
0.59301 0.041227
0.56909 0.040458
0.61712 0.022524
0.88854 0.040269
0.62826 0.025017
0.91349 0.038883
0.87475 0.03763
0.93003 0.038931
0.64202 0.042819
0.69746 0.040557
0.64453 0.042958
0.80396 0.037524
0.95454 0.036958
0.96093 0.037749
0.63587 0.023669
0.9629 0.037966
0.65199 0.04181
0.9638 0.038104
0.96326 0.038024
0.96386 0.03811
0.64586 0.032039
0.78599 0.038284
0.64873 0.031188
0.96366 0.038017
0.96381 0.038081
0.64916 0.023818
0.9633 0.037921
0.6602 0.04118
0.69084 0.041205
0.96353 0.037981
0.96141 0.037582
0.6625 0.041243
0.7266 0.039776
0.66045 0.030279
0.67506 0.043559
0.95962 0.037364
0.6686 0.042045
0.93127 0.038031
0.66622 0.026546
0.70462 0.040198
0.93822 0.03789
0.92018 0.035451
0.66815 0.024071
0.89211 0.038054
0.67678 0.035383
0.68849 0.041172
0.86737 0.036197
0.84198 0.037557
0.68297 0.035083
0.80477 0.036685
0.68535 0.039317
0.77679 0.037036
0.76486 0.03848
0.68661 0.025229
0.75385 0.038054
0.69333 0.027264
0.74883 0.038248
0.75393 0.038053
0.75215 0.03811
0.69693 0.023183
0.74724 0.038504
0.70387 0.036645
0.75866 0.038317
0.74778 0.038385
0.75291 0.037867
0.70661 0.035028
0.76981 0.03747
0.71422 0.022536
0.72662 0.038705
0.76587 0.037941
0.78664 0.03719
0.72124 0.022235
0.73069 0.039304
0.72412 0.034928
0.73433 0.039603
0.79802 0.038869
0.81229 0.033688
0.73056 0.02307
0.73835 0.03961
0.73466 0.036069
0.74353 0.037193
0.82908 0.039025
0.8326 0.038453
0.73774 0.029454
0.75986 0.033237
0.74809 0.030175
0.76659 0.032838
0.83308 0.037857
0.84533 0.036526
0.74891 0.027391
0.77996 0.029515
0.76182 0.02424
0.85782 0.036126
0.85251 0.037096
0.86264 0.033705
0.77249 0.021565
0.79615 0.029406
0.78469 0.024078
0.88911 0.032487
0.79561 0.023212
0.83682 0.029961
0.8207 0.023529
0.84885 0.028916
0.89714 0.032422
0.83916 0.025409
0.92312 0.030417
0.851 0.025056
0.93746 0.029166
0.92871 0.030142
0.93585 0.029495
0.86265 0.021383
0.89418 0.024626
0.88774 0.022057
0.95552 0.027446
0.94993 0.027211
0.95963 0.027594
0.92318 0.022177
0.92828 0.023293
0.97217 0.021827
0.9755 0.023839
0.96359 0.027913
