345
0.021032 0.025301
0.020457 0.035533
0.034658 0.025634
0.022445 0.035557
0.021361 0.035533
0.022985 0.035536
0.04149 0.022337
0.033113 0.032994
0.045454 0.028616
0.026768 0.036955
0.02484 0.03604
0.059204 0.021993
0.028002 0.037198
0.071748 0.021569
0.029166 0.037223
0.028554 0.037213
0.030238 0.037338
0.091508 0.020889
0.056399 0.03292
0.10118 0.026993
0.043193 0.038421
0.033656 0.037701
0.039195 0.037517
0.11458 0.024544
0.050325 0.038412
0.12197 0.021917
0.061707 0.039005
0.054675 0.037577
0.061849 0.039018
0.12915 0.02624
0.078367 0.030629
0.14253 0.021936
0.11196 0.033225
0.080864 0.030369
0.087364 0.03178
0.14954 0.024154
0.1148 0.034649
0.15803 0.022772
0.13714 0.033673
0.086715 0.032114
0.086806 0.032564
0.15897 0.029895
0.13048 0.035212
0.1675 0.025275
0.1304 0.037278
0.084317 0.032854
0.077653 0.035089
0.17547 0.028066
0.073912 0.037033
0.18426 0.023206
0.13214 0.041387
0.074124 0.036959
0.082129 0.034568
0.19204 0.026551
0.085851 0.034443
0.19511 0.028731
0.16504 0.037438
0.08724 0.034497
0.092883 0.035307
0.20513 0.025029
0.16181 0.039363
0.19247 0.033873
0.096554 0.037516
0.093823 0.035908
0.22824 0.023259
0.098043 0.038447
0.23303 0.02738
0.1779 0.040523
0.098953 0.038946
0.10126 0.039796
0.24118 0.027064
0.10058 0.040044
0.23876 0.030316
0.09969 0.040284
0.10008 0.040142
0.099035 0.040297
0.2488 0.026975
0.22263 0.034873
0.25759 0.025777
0.092762 0.038728
0.096191 0.039877
0.092 0.038425
0.25404 0.03005
0.22286 0.038938
0.24453 0.035814
0.058985 0.051145
0.041632 0.047181
0.26516 0.029313
0.21402 0.037222
0.26386 0.03093
0.14065 0.040962
0.03399 0.048157
0.033164 0.049348
0.26134 0.03423
0.033441 0.050072
0.26795 0.03183
0.11624 0.04354
0.034793 0.051517
0.036717 0.053031
0.27493 0.029758
0.20122 0.038653
0.30046 0.023656
0.037316 0.054294
0.036424 0.053539
0.03735 0.054316
0.27383 0.031711
0.07446 0.055313
0.27261 0.03273
0.078824 0.043222
0.037785 0.054473
0.30295 0.027811
0.087406 0.040412
0.31525 0.023363
0.051085 0.055684
0.038935 0.054785
0.03918 0.054847
0.31267 0.027558
0.039559 0.054906
0.26977 0.034844
0.039713 0.054924
0.039554 0.054906
0.039687 0.054922
0.29512 0.031028
0.040253 0.054999
0.3326 0.022042
0.12597 0.044854
0.15111 0.040423
0.065163 0.054906
0.063499 0.054565
0.34657 0.022182
0.32283 0.029935
0.36761 0.020702
0.3619 0.023661
0.32559 0.031335
0.35724 0.027035
0.28988 0.031855
0.33801 0.032179
0.33115 0.032507
0.062939 0.054159
0.066171 0.055199
0.36787 0.033123
0.36169 0.035869
0.24083 0.041202
0.31766 0.038167
0.34317 0.035923
0.29509 0.038422
0.32554 0.037944
0.27552 0.039056
0.2679 0.040344
0.38118 0.021377
0.37847 0.022894
0.39246 0.020206
0.38811 0.022622
0.37645 0.024875
0.39983 0.021203
0.38915 0.025674
0.36278 0.032248
0.37515 0.031685
0.37694 0.032824
0.38672 0.02995
0.3388 0.037714
0.35926 0.038889
0.39109 0.027336
0.39499 0.023925
0.27564 0.039229
0.36568 0.038912
0.38724 0.035729
0.39997 0.026425
0.3836 0.039396
0.37165 0.036027
0.39467 0.03618
0.39712 0.027471
0.3754 0.038803
0.41677 0.02052
0.43576 0.021568
0.49033 0.020863
0.45589 0.024903
0.43817 0.0236
0.49523 0.023449
0.41031 0.023957
0.42209 0.035344
0.53524 0.025741
0.50149 0.029115
0.41494 0.02951
0.42325 0.038357
0.50095 0.030582
0.48924 0.034313
0.40205 0.024536
0.40488 0.025
0.46819 0.032042
0.44198 0.033669
0.4132 0.032169
0.40819 0.029174
0.44372 0.036936
0.41706 0.039169
0.42883 0.035913
0.55062 0.020713
0.55418 0.022999
0.5842 0.02125
0.59317 0.025002
0.56813 0.026296
0.58274 0.028867
0.57859 0.033839
0.58768 0.035806
0.60875 0.034014
0.54781 0.029343
0.52841 0.02857
0.62027 0.038254
0.62859 0.035888
0.51622 0.03265
0.49716 0.034966
0.60933 0.034819
0.55301 0.033576
0.49054 0.034724
0.50656 0.036759
0.53333 0.03465
0.59643 0.022168
0.62339 0.028069
0.61636 0.025938
0.64484 0.036501
0.61609 0.030026
0.83942 0.040886
0.63724 0.03756
0.62211 0.037715
0.59687 0.038466
0.56644 0.033602
0.62194 0.022068
0.89758 0.041077
0.63578 0.023892
0.91974 0.04152
0.88641 0.040201
0.93494 0.040726
0.65302 0.037959
0.72162 0.040029
0.65636 0.03728
0.82338 0.039665
0.95792 0.039504
0.96305 0.040035
0.64527 0.022885
0.96463 0.040121
0.66872 0.035938
0.96545 0.040248
0.96496 0.040175
0.9655 0.040251
0.65828 0.028546
0.80103 0.039976
0.6629 0.028054
0.96531 0.04014
0.96545 0.040214
0.6637 0.022753
0.96499 0.040041
0.67902 0.036785
0.71458 0.040866
0.9652 0.040101
0.96345 0.03977
0.68158 0.037035
0.74895 0.042039
0.67862 0.028175
0.69683 0.039943
0.96206 0.039634
0.68797 0.037324
0.93619 0.039412
0.68562 0.025167
0.73027 0.039144
0.94354 0.039607
0.92552 0.037136
0.68819 0.02317
0.9007 0.038898
0.69931 0.032388
0.71271 0.040673
0.87927 0.0385
0.85574 0.041636
0.70704 0.034057
0.82403 0.038715
0.70988 0.038317
0.79521 0.040012
0.78669 0.040005
0.7107 0.025022
0.7762 0.039106
0.71689 0.027142
0.77077 0.039359
0.77627 0.039106
0.77436 0.039163
0.72077 0.023089
0.76904 0.039405
0.72902 0.035494
0.78101 0.039497
0.76964 0.039339
0.77521 0.038875
0.73186 0.034264
0.79091 0.039688
0.73903 0.022586
0.74907 0.040141
0.78759 0.039584
0.80259 0.03786
0.74591 0.022388
0.75211 0.040886
0.74779 0.036142
0.75507 0.041082
0.81703 0.039292
0.83002 0.035721
0.754 0.023277
0.75924 0.040545
0.75626 0.036735
0.76549 0.037316
0.84531 0.040792
0.84858 0.040955
0.76111 0.029562
0.78219 0.034126
0.7713 0.030611
0.78843 0.034156
0.84907 0.040402
0.85815 0.040288
0.7722 0.0278
0.79942 0.031037
0.78416 0.024542
0.86925 0.037892
0.86334 0.040587
0.87427 0.034815
0.79398 0.021776
0.81611 0.029742
0.80437 0.02434
0.89794 0.033304
0.81566 0.023312
0.85249 0.032019
0.83778 0.023919
0.86181 0.030614
0.90587 0.033366
0.85428 0.026621
0.92864 0.031522
0.86357 0.025921
0.94211 0.030067
0.93384 0.030957
0.94053 0.030394
0.87439 0.021497
0.90262 0.024984
0.89671 0.022227
0.95807 0.028512
0.95316 0.028345
0.96154 0.028596
0.92881 0.022409
0.93351 0.023559
0.97286 0.022003
0.9759 0.024209
0.96503 0.028866
