345
0.021489 0.023675
0.020574 0.030819
0.046662 0.022316
0.02307 0.030838
0.02171 0.030819
0.023748 0.03082
0.063172 0.020998
0.040229 0.025906
0.071406 0.023842
0.028319 0.030946
0.026027 0.030841
0.099733 0.021048
0.029964 0.030671
0.11961 0.021198
0.031695 0.03023
0.030767 0.030466
0.033401 0.029794
0.14255 0.020804
0.089633 0.026708
0.15269 0.025938
0.057633 0.027778
0.039377 0.028415
0.050783 0.02729
0.17049 0.023248
0.071968 0.028352
0.18157 0.021364
0.095442 0.029458
0.081879 0.028892
0.095779 0.029446
0.19097 0.025044
0.12701 0.028726
0.20653 0.021668
0.16811 0.02955
0.1301 0.02879
0.13876 0.030437
0.21499 0.023544
0.17246 0.030285
0.22515 0.022222
0.20941 0.031331
0.138 0.030677
0.13819 0.031058
0.22863 0.027947
0.20158 0.031635
0.23791 0.023882
0.20441 0.032975
0.13491 0.031124
0.1254 0.031913
0.24848 0.025921
0.11977 0.032548
0.26098 0.022341
0.21611 0.037264
0.12009 0.032548
0.13163 0.032201
0.27123 0.025721
0.13719 0.032531
0.27499 0.028243
0.24902 0.032212
0.13908 0.032686
0.14616 0.033364
0.28385 0.025459
0.2513 0.034317
0.27812 0.033459
0.15063 0.034984
0.14737 0.033818
0.30361 0.023679
0.15259 0.035744
0.30842 0.027732
0.27667 0.039905
0.15394 0.036145
0.1573 0.036654
0.31654 0.026289
0.15663 0.037061
0.31696 0.029131
0.15568 0.037544
0.15607 0.037272
0.15487 0.037689
0.32609 0.025561
0.3057 0.03655
0.33678 0.025313
0.14719 0.036414
0.15132 0.037525
0.14618 0.036097
0.33617 0.028986
0.31039 0.040243
0.33487 0.034172
0.077208 0.034805
0.05174 0.031861
0.34789 0.029199
0.29975 0.039548
0.34869 0.030557
0.23659 0.039067
0.036052 0.035373
0.033815 0.037473
0.35112 0.032977
0.033627 0.038214
0.35601 0.032278
0.18035 0.037807
0.034347 0.039272
0.036011 0.040402
0.36136 0.032729
0.2894 0.040744
0.3708 0.026777
0.035953 0.043072
0.035118 0.041944
0.035998 0.043096
0.36475 0.036226
0.10376 0.038418
0.36561 0.037704
0.12483 0.03784
0.036771 0.043003
0.37472 0.036014
0.14033 0.038186
0.37785 0.026759
0.067511 0.038718
0.03917 0.042593
0.03968 0.042487
0.37861 0.035231
0.040465 0.042276
0.36664 0.040627
0.040786 0.042173
0.040456 0.042279
0.040731 0.042192
0.37508 0.043104
0.041965 0.041685
0.38622 0.024413
0.2045 0.039392
0.2507 0.039119
0.084327 0.040728
0.083121 0.041005
0.39256 0.024867
0.38592 0.039519
0.40402 0.021032
0.39985 0.026164
0.38954 0.041754
0.40072 0.031803
0.37405 0.045188
0.39903 0.041311
0.39507 0.043162
0.082345 0.039676
0.085082 0.040891
0.43495 0.036218
0.44434 0.042614
0.34206 0.04178
0.40893 0.042578
0.4406 0.043482
0.45085 0.049869
0.42919 0.04133
0.4539 0.051935
0.46288 0.055521
0.45282 0.021978
0.44471 0.023896
0.49191 0.020252
0.48543 0.023527
0.43964 0.026087
0.49934 0.02142
0.48757 0.027466
0.4181 0.0322
0.46226 0.039952
0.46892 0.040031
0.48084 0.033767
0.46947 0.051894
0.4731 0.052064
0.49043 0.02925
0.49439 0.024638
0.46984 0.05905
0.48098 0.05756
0.48123 0.041821
0.49946 0.027604
0.48402 0.052774
0.489 0.072129
0.48903 0.039881
0.49671 0.02864
0.48861 0.064713
0.51095 0.020838
0.52318 0.02232
0.55036 0.021829
0.53384 0.029748
0.52464 0.025544
0.55243 0.027153
0.50712 0.026118
0.50871 0.045543
0.56844 0.032161
0.54904 0.038344
0.50878 0.035391
0.50473 0.058942
0.54695 0.041188
0.52435 0.054308
0.50122 0.025567
0.5034 0.026531
0.51821 0.055747
0.51943 0.044738
0.50682 0.039087
0.50514 0.033338
0.50941 0.062972
0.50055 0.079076
0.51183 0.046935
0.57955 0.021569
0.58136 0.026809
0.59378 0.022858
0.59748 0.030258
0.58312 0.034634
0.58842 0.038883
0.57926 0.047663
0.58175 0.050059
0.60515 0.039122
0.57044 0.039407
0.56134 0.0388
0.61141 0.047727
0.61657 0.04527
0.5515 0.045432
0.53133 0.050894
0.60541 0.040088
0.5649 0.048863
0.52345 0.055768
0.5375 0.050573
0.55264 0.05017
0.59951 0.024165
0.61675 0.032543
0.61274 0.02873
0.63199 0.037043
0.6117 0.034645
0.81221 0.037615
0.62199 0.043337
0.61233 0.047484
0.58762 0.050038
0.56976 0.049667
0.61617 0.023189
0.88654 0.040286
0.6249 0.024951
0.90984 0.038843
0.8767 0.039302
0.9278 0.038278
0.64156 0.039197
0.70484 0.043899
0.64593 0.039222
0.80166 0.037852
0.95332 0.039954
0.95849 0.040052
0.63394 0.022886
0.96046 0.040107
0.65423 0.039935
0.96159 0.04013
0.96088 0.040118
0.96166 0.040127
0.64788 0.028989
0.77617 0.042114
0.65143 0.02863
0.96143 0.040027
0.96161 0.040092
0.65215 0.022969
0.961 0.039961
0.6642 0.038728
0.69939 0.043483
0.96128 0.039999
0.9591 0.03978
0.66706 0.038838
0.7234 0.044733
0.6657 0.028609
0.68064 0.047745
0.95752 0.039641
0.67453 0.042199
0.93129 0.035928
0.67281 0.026354
0.71142 0.042215
0.93877 0.037763
0.91962 0.034688
0.67499 0.024117
0.89037 0.037127
0.68241 0.035665
0.69746 0.041773
0.86902 0.036217
0.84047 0.039852
0.68966 0.034769
0.80273 0.035913
0.69382 0.038477
0.77068 0.041198
0.76108 0.043597
0.69321 0.025209
0.75267 0.046109
0.69885 0.02767
0.74961 0.046788
0.75272 0.0461
0.7516 0.046309
0.70252 0.023429
0.7483 0.046963
0.7102 0.037402
0.75579 0.043967
0.7488 0.046714
0.75214 0.045382
0.71289 0.036329
0.7665 0.040571
0.71883 0.022904
0.72527 0.039556
0.76229 0.041759
0.77778 0.038132
0.72441 0.022602
0.72819 0.039704
0.725 0.036294
0.73215 0.039679
0.79549 0.035087
0.80791 0.033687
0.73246 0.023072
0.73855 0.040157
0.73533 0.035012
0.74606 0.040384
0.82564 0.033681
0.83295 0.034452
0.74139 0.029324
0.75701 0.03683
0.75003 0.034231
0.76335 0.03491
0.8341 0.034044
0.84456 0.036953
0.75048 0.030578
0.77439 0.031052
0.75881 0.025211
0.85713 0.035196
0.84935 0.038212
0.86498 0.032658
0.76919 0.021736
0.79198 0.027841
0.77934 0.024393
0.88936 0.032443
0.7912 0.022684
0.83945 0.028936
0.81704 0.023188
0.85035 0.029005
0.8981 0.031352
0.84169 0.025166
0.92584 0.029452
0.85227 0.025036
0.94287 0.029059
0.93263 0.028932
0.94117 0.02901
0.86552 0.021287
0.89564 0.024468
0.8892 0.022105
0.95785 0.028887
0.95376 0.028978
0.96118 0.028891
0.92657 0.021977
0.93259 0.022905
0.97295 0.022023
0.97595 0.024262
0.96506 0.028982
