345
0.02137 0.023995
0.020528 0.03176
0.044572 0.022499
0.022823 0.031781
0.021572 0.03176
0.023447 0.031762
0.059991 0.021024
0.038609 0.026392
0.06835 0.023795
0.027649 0.031899
0.025542 0.031784
0.098725 0.021021
0.029163 0.0316
0.1176 0.021344
0.030756 0.031117
0.029902 0.031377
0.032326 0.030634
0.13675 0.020902
0.08762 0.026119
0.14649 0.026116
0.05477 0.028165
0.037825 0.029111
0.048402 0.027848
0.16326 0.023673
0.068921 0.028215
0.17275 0.021576
0.094007 0.028904
0.079065 0.02837
0.094378 0.028917
0.18096 0.025762
0.12392 0.030252
0.19433 0.021866
0.16125 0.030637
0.12646 0.030527
0.13347 0.032079
0.2022 0.023766
0.16506 0.031767
0.21214 0.022417
0.19662 0.032511
0.13283 0.032434
0.13295 0.032859
0.21545 0.028949
0.19012 0.033311
0.22308 0.024733
0.19227 0.03467
0.13031 0.03328
0.12275 0.033863
0.23147 0.027284
0.11802 0.034097
0.24189 0.022628
0.20318 0.038157
0.11833 0.034127
0.12767 0.034707
0.25164 0.025922
0.13204 0.034695
0.25541 0.028546
0.23217 0.034989
0.13352 0.034655
0.13954 0.03455
0.26379 0.02622
0.234 0.037426
0.25878 0.034295
0.14416 0.035677
0.14077 0.034883
0.27959 0.024429
0.14623 0.036233
0.28367 0.028905
0.25775 0.040882
0.1477 0.036532
0.1514 0.037292
0.2911 0.026815
0.15067 0.037632
0.2915 0.029885
0.14963 0.03801
0.15005 0.037778
0.14874 0.03811
0.30008 0.026141
0.28147 0.039583
0.30941 0.026183
0.14026 0.037725
0.14477 0.038238
0.1392 0.037543
0.30889 0.030429
0.28552 0.043038
0.30811 0.036374
0.073201 0.034191
0.049053 0.032751
0.31882 0.030915
0.27727 0.044452
0.31947 0.032533
0.22374 0.043632
0.034747 0.036671
0.032687 0.038969
0.32137 0.035434
0.032512 0.039775
0.32542 0.034429
0.17221 0.040611
0.033171 0.04094
0.034695 0.042216
0.32974 0.034466
0.27036 0.045762
0.33885 0.026772
0.034633 0.045254
0.03387 0.043955
0.034674 0.045282
0.33217 0.037844
0.1024 0.038489
0.33272 0.039294
0.12261 0.040727
0.035383 0.045199
0.34226 0.035105
0.13397 0.040879
0.34642 0.02609
0.06244 0.03891
0.037585 0.04479
0.038054 0.044679
0.34699 0.033601
0.038773 0.04445
0.33324 0.0424
0.039064 0.044335
0.038764 0.044454
0.039015 0.044357
0.34172 0.042485
0.040095 0.04378
0.35625 0.023706
0.19187 0.042272
0.23377 0.043612
0.079652 0.039362
0.078069 0.039784
0.36392 0.024042
0.35635 0.036359
0.37761 0.020868
0.37263 0.025165
0.36112 0.038206
0.37374 0.029903
0.34014 0.045869
0.37225 0.037936
0.36775 0.039808
0.077474 0.038485
0.080556 0.039475
0.41127 0.035435
0.42055 0.040129
0.31413 0.04629
0.38426 0.039616
0.41653 0.041781
0.42717 0.045169
0.40572 0.040682
0.43057 0.045891
0.44206 0.045196
0.43167 0.021566
0.42199 0.023429
0.49129 0.020164
0.48139 0.022258
0.41641 0.025616
0.50267 0.020913
0.48466 0.024828
0.39414 0.031129
0.44311 0.033845
0.45318 0.032813
0.47402 0.028626
0.45186 0.040586
0.45765 0.039935
0.48902 0.026048
0.49508 0.02301
0.45313 0.045081
0.4716 0.04268
0.47294 0.033664
0.50285 0.024888
0.47581 0.040004
0.49029 0.050808
0.48631 0.032939
0.49863 0.025583
0.48748 0.04583
0.521 0.020527
0.5407 0.021477
0.57733 0.021527
0.55649 0.027139
0.54304 0.023581
0.57981 0.026033
0.51495 0.023878
0.52122 0.036044
0.59821 0.030908
0.57637 0.035236
0.51835 0.029722
0.51589 0.04315
0.57412 0.037408
0.54652 0.043355
0.50563 0.023567
0.50908 0.024167
0.53767 0.043139
0.53781 0.035574
0.51616 0.032097
0.5121 0.028481
0.52372 0.046184
0.50732 0.056696
0.52683 0.036814
0.61032 0.02146
0.61225 0.026378
0.62524 0.022828
0.62893 0.030347
0.61419 0.0338
0.6198 0.038213
0.61042 0.045938
0.61305 0.048479
0.63632 0.040032
0.60074 0.03753
0.59059 0.036457
0.64219 0.04981
0.64697 0.047672
0.57984 0.041539
0.55588 0.042713
0.63656 0.04107
0.59507 0.045865
0.54515 0.044197
0.56372 0.043905
0.58153 0.045873
0.63092 0.024245
0.64717 0.03379
0.6435 0.029452
0.66082 0.039174
0.64251 0.035788
0.82068 0.043328
0.65191 0.045969
0.64305 0.049648
0.61909 0.049108
0.6004 0.04703
0.64664 0.023499
0.89088 0.037963
0.65444 0.02556
0.91494 0.040982
0.87823 0.040096
0.92886 0.041039
0.66941 0.041354
0.72624 0.046739
0.67334 0.041264
0.81288 0.043421
0.9536 0.039566
0.95966 0.039993
0.66243 0.023242
0.96178 0.040184
0.68084 0.041889
0.96286 0.040273
0.96218 0.040222
0.96293 0.040273
0.67495 0.029922
0.79329 0.046436
0.67819 0.029491
0.9627 0.040133
0.96288 0.040221
0.67884 0.023263
0.96229 0.040034
0.68986 0.040487
0.72133 0.046322
0.96255 0.040093
0.96035 0.03972
0.69246 0.040625
0.7433 0.046493
0.69123 0.029419
0.70457 0.050904
0.9585 0.039465
0.69918 0.044515
0.93177 0.037999
0.69773 0.026986
0.73222 0.04474
0.93758 0.038987
0.92238 0.036558
0.69971 0.024537
0.89536 0.035448
0.70632 0.037408
0.71964 0.044417
0.87216 0.038737
0.83983 0.041064
0.71281 0.036514
0.81358 0.040876
0.71645 0.040707
0.78858 0.044536
0.78019 0.045892
0.71607 0.025836
0.77247 0.047626
0.7211 0.028614
0.76958 0.048077
0.77252 0.04762
0.77146 0.047739
0.72436 0.023854
0.76832 0.048164
0.73114 0.039491
0.77525 0.045668
0.76879 0.047942
0.77189 0.046822
0.73356 0.038219
0.78484 0.043232
0.73892 0.023194
0.745 0.041025
0.78113 0.044025
0.79423 0.041723
0.74401 0.02281
0.74782 0.040995
0.74468 0.03756
0.75173 0.040751
0.80808 0.039301
0.81733 0.038148
0.7516 0.023244
0.7581 0.041058
0.75463 0.035767
0.76555 0.041381
0.83027 0.037372
0.83555 0.03698
0.76014 0.029763
0.77569 0.03814
0.76882 0.03505
0.78139 0.036528
0.83649 0.036187
0.84603 0.036289
0.76891 0.031195
0.79071 0.032989
0.77663 0.025647
0.86212 0.035185
0.85214 0.036063
0.8689 0.034208
0.78604 0.021982
0.80491 0.029895
0.79464 0.025285
0.89308 0.031045
0.80429 0.023377
0.84184 0.029339
0.82398 0.024141
0.85426 0.028066
0.90298 0.031194
0.84429 0.025171
0.92757 0.030784
0.85647 0.024656
0.94288 0.029318
0.9335 0.029971
0.94111 0.029404
0.86934 0.021456
0.89993 0.024269
0.89258 0.021863
0.95838 0.028812
0.95414 0.028784
0.96173 0.028912
0.92822 0.022259
0.93347 0.023244
0.97316 0.022084
0.97607 0.024391
0.9655 0.029114
