345
0.02101 0.02551
0.022546 0.042507
0.035675 0.024841
0.033799 0.042507
0.027581 0.042507
0.03668 0.042508
0.043483 0.021886
0.047455 0.032082
0.053263 0.027308
0.05815 0.042511
0.046942 0.042508
0.064504 0.021862
0.063817 0.042512
0.074399 0.02236
0.070988 0.042514
0.067172 0.042513
0.076449 0.042517
0.085445 0.021313
0.083996 0.032876
0.098453 0.027887
0.098672 0.04253
0.085643 0.042521
0.094951 0.042527
0.10767 0.02412
0.10437 0.042535
0.1168 0.021735
0.11159 0.042542
0.10772 0.042538
0.11169 0.042542
0.12457 0.026155
0.12131 0.042554
0.13681 0.021806
0.13608 0.032642
0.12279 0.042556
0.13803 0.042583
0.14547 0.023279
0.14714 0.034163
0.15782 0.021968
0.15851 0.031533
0.1442 0.042596
0.15335 0.04262
0.16378 0.027416
0.1623 0.033312
0.17126 0.02411
0.17331 0.034628
0.16134 0.042648
0.17696 0.042731
0.18084 0.026389
0.18704 0.042807
0.19236 0.022067
0.19073 0.034798
0.18743 0.04281
0.19624 0.042889
0.2058 0.024076
0.20186 0.042942
0.21247 0.025851
0.21303 0.032896
0.20402 0.042962
0.21452 0.043106
0.22422 0.024415
0.22661 0.035549
0.23094 0.029342
0.23464 0.043556
0.22421 0.043286
0.24507 0.023206
0.24231 0.043807
0.25455 0.026167
0.24974 0.034804
0.24522 0.043904
0.25297 0.04426
0.26189 0.024543
0.26059 0.044697
0.2675 0.02644
0.26863 0.045207
0.26435 0.044918
0.27153 0.045478
0.276 0.023981
0.27736 0.03364
0.29056 0.023754
0.28529 0.046872
0.27924 0.046232
0.28627 0.047001
0.29495 0.026232
0.29646 0.035861
0.30215 0.029997
0.30155 0.04995
0.30614 0.051312
0.31186 0.026469
0.30795 0.038818
0.31494 0.027451
0.31719 0.042493
0.31288 0.053993
0.31947 0.057656
0.32227 0.029912
0.3213 0.05909
0.327 0.029579
0.32916 0.047854
0.32452 0.061896
0.32819 0.065732
0.33245 0.030018
0.33201 0.044005
0.33751 0.024488
0.33341 0.075754
0.32992 0.068353
0.33361 0.076311
0.3394 0.033717
0.34208 0.060889
0.34372 0.035876
0.34341 0.060036
0.33437 0.079086
0.34681 0.030439
0.34596 0.061148
0.34889 0.02408
0.3459 0.072408
0.33525 0.089865
0.3355 0.091928
0.35269 0.029312
0.33708 0.093377
0.35628 0.043967
0.33787 0.093219
0.33705 0.093378
0.33769 0.093327
0.35714 0.041298
0.34133 0.089728
0.36329 0.023018
0.35755 0.067463
0.35917 0.064495
0.35403 0.083738
0.35335 0.08505
0.37162 0.024133
0.36675 0.034523
0.38313 0.02121
0.37917 0.026484
0.37181 0.039701
0.37992 0.032724
0.36998 0.060296
0.37876 0.045663
0.37698 0.04782
0.35489 0.082704
0.35443 0.08437
0.40253 0.036595
0.41053 0.039174
0.37205 0.068629
0.38492 0.058593
0.40354 0.042536
0.41569 0.045545
0.39109 0.055531
0.41927 0.046044
0.42768 0.049522
0.42692 0.021592
0.41702 0.02338
0.48327 0.020577
0.47355 0.024101
0.41136 0.025645
0.49276 0.024377
0.4753 0.029541
0.39043 0.037194
0.43688 0.032183
0.45229 0.030205
0.46899 0.032689
0.44554 0.033985
0.45354 0.036481
0.47973 0.034788
0.48682 0.037545
0.44143 0.039449
0.44988 0.042024
0.46728 0.040196
0.49276 0.043322
0.46452 0.045201
0.45971 0.050546
0.47614 0.046835
0.48729 0.048347
0.46959 0.051147
0.51779 0.020606
0.54017 0.022341
0.58576 0.021352
0.56104 0.024912
0.54179 0.024729
0.58843 0.025775
0.51263 0.029818
0.5212 0.033392
0.60423 0.034704
0.58544 0.033295
0.51561 0.034299
0.52157 0.038206
0.58342 0.035095
0.56778 0.037892
0.50402 0.039564
0.50789 0.042528
0.55187 0.039675
0.54114 0.041992
0.51345 0.046283
0.50912 0.05276
0.55647 0.044359
0.5527 0.04978
0.53535 0.050351
0.61338 0.021425
0.6156 0.02581
0.63008 0.022949
0.6331 0.031827
0.61908 0.031788
0.62736 0.037387
0.62004 0.043637
0.6242 0.047957
0.63206 0.062351
0.60891 0.042007
0.60073 0.041081
0.63564 0.071283
0.63698 0.076747
0.59276 0.041661
0.57505 0.042962
0.63002 0.06859
0.6096 0.055046
0.57325 0.045886
0.5813 0.051011
0.59944 0.052752
0.635 0.025023
0.63959 0.044413
0.64145 0.03401
0.64393 0.048827
0.63638 0.049736
0.65004 0.08272
0.6381 0.075901
0.63551 0.075047
0.6277 0.066008
0.61366 0.056421
0.6468 0.024778
0.65451 0.0898
0.65071 0.027438
0.65808 0.092023
0.65367 0.088734
0.65939 0.091986
0.652 0.044473
0.65176 0.06225
0.65473 0.042163
0.65604 0.068213
0.66261 0.089695
0.665 0.087518
0.65863 0.023779
0.66697 0.085064
0.66264 0.038202
0.66918 0.081457
0.66751 0.084225
0.66957 0.080628
0.66501 0.02867
0.66413 0.05605
0.66997 0.02742
0.67393 0.070929
0.67088 0.076856
0.67567 0.022455
0.67605 0.066898
0.67989 0.032407
0.67846 0.043672
0.67483 0.069148
0.68179 0.059775
0.68522 0.031504
0.68354 0.044406
0.69313 0.025122
0.69056 0.038789
0.68595 0.05644
0.69721 0.032255
0.69992 0.050825
0.70862 0.02357
0.70303 0.040091
0.69679 0.051777
0.7047 0.049751
0.71275 0.022297
0.70985 0.048701
0.71893 0.02805
0.72436 0.035624
0.7139 0.047949
0.72241 0.046707
0.7334 0.027308
0.72713 0.046089
0.73601 0.030064
0.73572 0.045228
0.74058 0.044941
0.7458 0.022704
0.7496 0.044433
0.75982 0.023884
0.76018 0.043959
0.74941 0.044444
0.75432 0.044208
0.76486 0.02178
0.76599 0.043717
0.77487 0.028887
0.77754 0.043372
0.76922 0.043583
0.77371 0.043455
0.78461 0.028265
0.78756 0.043158
0.79505 0.021539
0.79713 0.034293
0.78399 0.043234
0.79445 0.043042
0.80611 0.021321
0.80291 0.03399
0.812 0.028564
0.8133 0.032561
0.80657 0.042879
0.81189 0.042818
0.82268 0.02146
0.82399 0.03188
0.83285 0.02728
0.83624 0.031939
0.82652 0.042717
0.83713 0.042666
0.8435 0.024342
0.84725 0.032885
0.85695 0.027748
0.85242 0.033294
0.84905 0.04262
0.85763 0.0426
0.86194 0.025809
0.86904 0.031806
0.87568 0.023803
0.87211 0.04257
0.86354 0.042588
0.87669 0.042563
0.88732 0.021733
0.88571 0.031517
0.89637 0.025343
0.89768 0.042535
0.90505 0.02403
0.90159 0.03489
0.91838 0.026221
0.91553 0.033634
0.90567 0.042529
0.92446 0.028552
0.92105 0.04252
0.93309 0.028315
0.93599 0.042514
0.92806 0.042517
0.9347 0.042514
0.94693 0.023166
0.94848 0.032073
0.95585 0.025493
0.95344 0.04251
0.94783 0.042511
0.95755 0.042509
0.96583 0.027762
0.96423 0.031644
0.97804 0.027639
0.97826 0.034782
0.96236 0.042509
