345
0.021571 0.023482
0.020703 0.030205
0.04238 0.023488
0.023758 0.030221
0.022092 0.030205
0.024587 0.030207
0.053981 0.021376
0.040004 0.028146
0.060818 0.025146
0.03046 0.031136
0.027454 0.030538
0.082457 0.021364
0.032379 0.031233
0.099606 0.021255
0.034177 0.03115
0.033231 0.031198
0.035838 0.031125
0.12142 0.020888
0.078336 0.028603
0.13072 0.027552
0.057113 0.030877
0.041152 0.031034
0.050314 0.030408
0.14249 0.025525
0.06883 0.03153
0.14831 0.02246
0.085669 0.033344
0.075578 0.031513
0.085866 0.033373
0.15374 0.028196
0.10752 0.029303
0.16399 0.022448
0.14025 0.035718
0.11026 0.029354
0.1172 0.031357
0.16962 0.025062
0.1426 0.037846
0.17674 0.023208
0.15995 0.037665
0.11653 0.03161
0.11663 0.032053
0.17757 0.031383
0.15486 0.039953
0.18522 0.025796
0.15485 0.04262
0.11399 0.032039
0.10659 0.033084
0.19261 0.02903
0.10201 0.034029
0.20024 0.023693
0.15631 0.047735
0.10227 0.034011
0.11163 0.033334
0.20686 0.027557
0.11566 0.033736
0.20952 0.029929
0.18328 0.039338
0.11713 0.033966
0.12299 0.035473
0.21859 0.025489
0.18029 0.041906
0.2074 0.035955
0.12663 0.03824
0.12394 0.036204
0.2401 0.0236
0.12805 0.039445
0.24449 0.028482
0.19597 0.043022
0.1289 0.040121
0.13098 0.041447
0.25133 0.028551
0.13039 0.041602
0.24995 0.032325
0.1296 0.041708
0.12995 0.041622
0.12901 0.041604
0.25738 0.029038
0.23504 0.036058
0.26414 0.027278
0.12299 0.038926
0.12637 0.040651
0.12221 0.038504
0.26212 0.03301
0.2353 0.040207
0.25635 0.039949
0.081173 0.041449
0.054762 0.036029
0.27017 0.031102
0.22662 0.038485
0.26936 0.033174
0.16298 0.046649
0.042529 0.037411
0.041294 0.038254
0.26822 0.037555
0.041798 0.038662
0.27308 0.03365
0.14365 0.04897
0.044082 0.039377
0.047231 0.040089
0.27888 0.0309
0.21512 0.040598
0.30101 0.02407
0.048232 0.04083
0.0468 0.040451
0.048286 0.040841
0.27822 0.033029
0.10179 0.048335
0.27734 0.034102
0.10775 0.040291
0.048969 0.040891
0.30337 0.02858
0.11746 0.039711
0.31502 0.023519
0.069436 0.042959
0.050765 0.040966
0.051146 0.040988
0.31258 0.027948
0.051734 0.041004
0.27528 0.036496
0.051973 0.041008
0.051727 0.041004
0.051932 0.041007
0.29656 0.032608
0.05281 0.041041
0.33191 0.022063
0.15146 0.052001
0.17117 0.044688
0.08924 0.045463
0.087033 0.044845
0.34595 0.022131
0.32227 0.030244
0.36808 0.02065
0.36189 0.02344
0.32499 0.031624
0.35697 0.02669
0.2923 0.033891
0.33723 0.032146
0.33048 0.032679
0.086311 0.044428
0.090576 0.045901
0.36837 0.032145
0.36165 0.034921
0.25425 0.043697
0.31735 0.03892
0.34243 0.035684
0.29712 0.040991
0.32495 0.038403
0.28119 0.041198
0.27492 0.042852
0.3827 0.02132
0.37988 0.022749
0.39413 0.020204
0.38972 0.022575
0.37769 0.024597
0.40158 0.021204
0.39077 0.025594
0.36284 0.031484
0.37627 0.030966
0.37822 0.032114
0.38831 0.029725
0.33801 0.037633
0.35906 0.03787
0.39274 0.02726
0.3967 0.023905
0.28133 0.041379
0.36598 0.037601
0.38884 0.035401
0.40171 0.026436
0.38515 0.038755
0.37247 0.034854
0.39637 0.036091
0.39885 0.027455
0.37654 0.037663
0.41828 0.02053
0.43676 0.021621
0.48995 0.020849
0.45607 0.025101
0.4391 0.02373
0.49492 0.023368
0.41191 0.024018
0.42348 0.03571
0.53698 0.025385
0.50133 0.028814
0.41647 0.029688
0.42461 0.03881
0.50076 0.030241
0.48884 0.034121
0.40376 0.024557
0.40656 0.025043
0.46797 0.032394
0.44277 0.034206
0.41476 0.03238
0.40981 0.029295
0.44443 0.037625
0.41856 0.039557
0.43002 0.03637
0.55338 0.020668
0.55719 0.022807
0.58909 0.021198
0.59841 0.024918
0.57211 0.025889
0.58758 0.028478
0.58325 0.033148
0.5927 0.035264
0.61362 0.034603
0.55039 0.028752
0.5297 0.02805
0.62379 0.040274
0.63089 0.038253
0.51677 0.032003
0.49689 0.034571
0.61414 0.035492
0.55594 0.032709
0.49016 0.034487
0.50664 0.036072
0.53494 0.033744
0.60176 0.022154
0.62729 0.029129
0.62114 0.026465
0.64448 0.03905
0.62087 0.030899
0.83202 0.038651
0.63771 0.040245
0.62534 0.039874
0.60212 0.038377
0.57029 0.032711
0.62603 0.022321
0.89132 0.040207
0.63805 0.024466
0.91928 0.037749
0.88 0.040583
0.93731 0.039383
0.65137 0.040974
0.7102 0.041166
0.65443 0.040715
0.81334 0.038389
0.9578 0.039981
0.9624 0.040287
0.64634 0.023318
0.96403 0.040311
0.66414 0.04065
0.96487 0.040402
0.96436 0.040351
0.96492 0.040403
0.65765 0.030513
0.79369 0.039577
0.66121 0.030208
0.96473 0.040304
0.96488 0.040369
0.66181 0.023507
0.9644 0.040217
0.67162 0.041063
0.70298 0.041867
0.96462 0.04027
0.96281 0.040003
0.67342 0.04119
0.73785 0.040127
0.67308 0.030347
0.68667 0.042086
0.96143 0.039925
0.67936 0.041212
0.93852 0.038456
0.67882 0.026355
0.71713 0.040599
0.94584 0.039457
0.92575 0.034963
0.68102 0.023858
0.89447 0.0374
0.68983 0.034308
0.70105 0.041532
0.87342 0.039835
0.85153 0.039886
0.69657 0.035327
0.8142 0.037606
0.6985 0.039605
0.78686 0.03889
0.77587 0.038192
0.7006 0.025308
0.76487 0.03866
0.70661 0.027685
0.76032 0.039436
0.76493 0.03865
0.76332 0.038947
0.71038 0.023324
0.75888 0.039416
0.71658 0.036962
0.76896 0.038389
0.75937 0.039391
0.76404 0.03857
0.71939 0.03567
0.78138 0.037488
0.72707 0.022593
0.73798 0.039008
0.7771 0.037706
0.79465 0.037906
0.73398 0.022295
0.74196 0.039311
0.73608 0.035397
0.7456 0.039643
0.80718 0.038752
0.82158 0.034188
0.74289 0.02308
0.75065 0.039807
0.74634 0.036012
0.75569 0.037253
0.83842 0.038553
0.84259 0.038686
0.75037 0.0294
0.7708 0.033199
0.76041 0.030704
0.77838 0.032731
0.84318 0.038198
0.85441 0.039247
0.76127 0.027832
0.79102 0.03081
0.77355 0.02419
0.8651 0.039163
0.86055 0.040681
0.86903 0.036367
0.78471 0.021627
0.8067 0.029715
0.79556 0.024386
0.89173 0.032637
0.80618 0.023323
0.84675 0.030698
0.83013 0.023507
0.85706 0.030471
0.89999 0.031477
0.84867 0.025943
0.92838 0.030286
0.85884 0.025955
0.9428 0.029896
0.93407 0.030196
0.94134 0.030117
0.86861 0.021652
0.8965 0.024461
0.89048 0.022144
0.95813 0.028696
0.95339 0.028604
0.96152 0.028726
0.92836 0.022151
0.93354 0.023303
0.97285 0.022001
0.97589 0.024205
0.96502 0.028941
