345
0.021461 0.023746
0.020643 0.030977
0.041196 0.023176
0.023438 0.030994
0.021915 0.030977
0.024198 0.030979
0.055637 0.02112
0.038597 0.027692
0.063947 0.024275
0.029423 0.031962
0.026782 0.031335
0.091295 0.020985
0.031166 0.031803
0.11769 0.02076
0.032838 0.031438
0.031956 0.031636
0.034379 0.031154
0.14649 0.020776
0.085793 0.026472
0.15729 0.026149
0.059512 0.028938
0.03946 0.03027
0.051082 0.028393
0.17335 0.02364
0.07345 0.02953
0.18287 0.021506
0.095679 0.029658
0.08157 0.028894
0.095944 0.02967
0.19191 0.025077
0.1301 0.02663
0.20798 0.021579
0.16894 0.030865
0.13367 0.027069
0.14187 0.029948
0.21695 0.023562
0.17271 0.031895
0.22604 0.022617
0.20198 0.031136
0.14109 0.030132
0.14119 0.030537
0.22705 0.029435
0.19378 0.032433
0.23576 0.025044
0.1938 0.034055
0.13812 0.030061
0.12902 0.029184
0.24417 0.02769
0.1219 0.028926
0.25351 0.023123
0.19632 0.037073
0.12237 0.028966
0.13538 0.030537
0.26136 0.026807
0.14005 0.031923
0.26399 0.029246
0.23323 0.036794
0.14166 0.032287
0.14686 0.033588
0.27321 0.025084
0.23025 0.038754
0.26151 0.034539
0.14955 0.035953
0.14753 0.034213
0.29605 0.023511
0.15106 0.036989
0.30023 0.027893
0.24754 0.038965
0.15207 0.037508
0.1547 0.038046
0.30824 0.02756
0.15378 0.038196
0.30592 0.031207
0.1526 0.038286
0.15313 0.038233
0.15176 0.038266
0.3151 0.02804
0.28934 0.035812
0.32273 0.026252
0.14636 0.036736
0.14864 0.037931
0.14586 0.036379
0.31976 0.031435
0.28837 0.039259
0.3109 0.038188
0.089791 0.035731
0.056142 0.033134
0.32899 0.029807
0.28026 0.037184
0.32727 0.031409
0.20733 0.036886
0.039072 0.036074
0.037473 0.037212
0.32433 0.035079
0.037882 0.037463
0.33189 0.032442
0.1738 0.038277
0.040276 0.03752
0.044567 0.037255
0.33952 0.03039
0.26791 0.039112
0.3619 0.024096
0.045884 0.037574
0.043783 0.037674
0.045965 0.037567
0.33852 0.03223
0.12313 0.037658
0.33743 0.03309
0.13152 0.034918
0.047004 0.037421
0.36415 0.028706
0.14171 0.037536
0.37456 0.023895
0.074152 0.038692
0.049711 0.03704
0.05027 0.037023
0.37227 0.028855
0.051136 0.036997
0.33413 0.03507
0.05149 0.037
0.051126 0.036997
0.051429 0.036999
0.35765 0.032541
0.05272 0.037083
0.39047 0.02213
0.18802 0.038721
0.22064 0.037962
0.1003 0.037817
0.09749 0.037901
0.40424 0.02216
0.38084 0.030914
0.4252 0.020762
0.42 0.02389
0.38346 0.032107
0.4153 0.027119
0.35289 0.033593
0.39529 0.032448
0.3887 0.033288
0.096557 0.037747
0.10221 0.03771
0.42643 0.034159
0.42151 0.037446
0.30727 0.040244
0.37711 0.039555
0.40004 0.036153
0.35987 0.040255
0.38313 0.03896
0.33985 0.039596
0.33159 0.038695
0.43772 0.021367
0.43491 0.022931
0.4498 0.020216
0.44554 0.022639
0.43277 0.025038
0.45601 0.021332
0.44662 0.025802
0.42156 0.033367
0.43249 0.032159
0.43487 0.033094
0.44459 0.029816
0.39543 0.038062
0.41927 0.038806
0.44854 0.027586
0.45201 0.024209
0.33996 0.039732
0.42613 0.039551
0.44848 0.03592
0.45612 0.027121
0.44664 0.038275
0.43078 0.03708
0.45444 0.037172
0.45378 0.028152
0.43627 0.03884
0.47202 0.020466
0.49352 0.021755
0.53016 0.021239
0.50884 0.027449
0.49585 0.024146
0.53331 0.024726
0.46536 0.023938
0.47881 0.033745
0.56438 0.02764
0.53863 0.031819
0.46945 0.02873
0.48105 0.0355
0.53775 0.033793
0.53098 0.038849
0.45771 0.025038
0.46015 0.025458
0.52055 0.037952
0.50236 0.037367
0.46678 0.031704
0.46298 0.029508
0.50721 0.039135
0.46859 0.035702
0.48879 0.035716
0.57586 0.02097
0.57867 0.024214
0.60113 0.021468
0.60922 0.025906
0.58819 0.028508
0.59982 0.030589
0.59072 0.038091
0.59973 0.038479
0.62119 0.036436
0.57304 0.032353
0.55872 0.031763
0.63223 0.037531
0.64438 0.036719
0.55121 0.037358
0.5348 0.038743
0.62167 0.037253
0.57429 0.038875
0.53161 0.03904
0.54248 0.040254
0.56059 0.040249
0.61209 0.022497
0.63638 0.028639
0.62873 0.026243
0.65908 0.037457
0.62842 0.030554
0.84474 0.040221
0.65226 0.038613
0.63566 0.037689
0.60852 0.039707
0.58345 0.038886
0.63462 0.022199
0.89697 0.041377
0.64761 0.024197
0.92158 0.042698
0.88609 0.043983
0.9335 0.042665
0.6641 0.038424
0.72044 0.040893
0.66767 0.03873
0.82707 0.039199
0.95425 0.037074
0.96038 0.037609
0.65696 0.022993
0.9624 0.037741
0.67641 0.039272
0.96333 0.037839
0.96277 0.037783
0.96338 0.037842
0.66955 0.029923
0.80951 0.038099
0.67298 0.029446
0.96318 0.03776
0.96333 0.037816
0.67351 0.023242
0.96281 0.03768
0.68442 0.040485
0.71421 0.041751
0.96305 0.037729
0.96087 0.037423
0.68615 0.040701
0.75262 0.038936
0.68565 0.029996
0.69873 0.042206
0.95912 0.037279
0.69185 0.041395
0.93427 0.041585
0.69118 0.026475
0.72859 0.040445
0.93942 0.040311
0.9255 0.038915
0.69326 0.023959
0.90043 0.038198
0.70188 0.035101
0.71216 0.041915
0.88126 0.043412
0.86308 0.041001
0.70802 0.035712
0.82759 0.038407
0.7096 0.04054
0.79952 0.037259
0.78781 0.039209
0.71201 0.025554
0.77733 0.039312
0.71815 0.02751
0.77331 0.039661
0.77739 0.03931
0.77598 0.039392
0.72171 0.023254
0.77207 0.040143
0.72814 0.037099
0.7815 0.03944
0.77249 0.039944
0.77657 0.039134
0.73111 0.03556
0.79263 0.038061
0.73867 0.02264
0.75242 0.038284
0.78876 0.038669
0.80999 0.037079
0.74535 0.022324
0.75733 0.039077
0.74887 0.035347
0.76162 0.039838
0.82222 0.039875
0.83357 0.03521
0.75461 0.023127
0.76509 0.04034
0.7609 0.036777
0.76886 0.03865
0.85061 0.040021
0.85406 0.03993
0.76178 0.029857
0.78241 0.034105
0.7715 0.031079
0.78902 0.033471
0.8544 0.039478
0.86556 0.040714
0.77213 0.028006
0.80152 0.029542
0.78408 0.02451
0.87536 0.042839
0.87173 0.043229
0.87759 0.040004
0.79426 0.021611
0.81819 0.029788
0.8064 0.024036
0.89605 0.03308
0.81755 0.023328
0.85597 0.031156
0.84012 0.023793
0.86593 0.031471
0.90455 0.03292
0.85781 0.026195
0.92633 0.032709
0.86738 0.026707
0.93786 0.030507
0.93082 0.0324
0.93656 0.031031
0.87567 0.021993
0.90087 0.024643
0.8941 0.022216
0.955 0.027482
0.9495 0.027403
0.95906 0.027557
0.92605 0.022653
0.93026 0.024026
0.97193 0.021772
0.97536 0.023722
0.96308 0.027801
