345
0.021621 0.023375
0.020625 0.029935
0.042961 0.023696
0.023344 0.029953
0.021862 0.029935
0.024083 0.029936
0.05297 0.02154
0.038773 0.028456
0.058538 0.025453
0.029039 0.031024
0.026566 0.030312
0.082482 0.021298
0.030642 0.031223
0.098787 0.021426
0.032185 0.031273
0.031373 0.031245
0.033585 0.03141
0.11722 0.021017
0.074112 0.027572
0.12563 0.028132
0.049387 0.032447
0.03803 0.031849
0.045165 0.031732
0.13716 0.025313
0.058472 0.031775
0.1434 0.022371
0.078377 0.031453
0.066426 0.030533
0.078643 0.031495
0.14897 0.02892
0.10507 0.030749
0.15731 0.02307
0.13432 0.035344
0.10757 0.030925
0.11337 0.033156
0.16179 0.026526
0.13653 0.036992
0.16729 0.023908
0.15417 0.041757
0.11273 0.033466
0.11275 0.033958
0.16803 0.033763
0.14964 0.041893
0.17469 0.026398
0.14937 0.044564
0.1104 0.034022
0.10332 0.03465
0.18153 0.029249
0.098597 0.035054
0.18937 0.023609
0.15018 0.05085
0.09887 0.035075
0.10799 0.035323
0.19621 0.027093
0.11159 0.035864
0.19891 0.029138
0.17334 0.041867
0.11287 0.036067
0.11772 0.03742
0.20941 0.024666
0.17057 0.0457
0.1968 0.034756
0.12049 0.040041
0.11842 0.038137
0.23425 0.022952
0.1216 0.041129
0.23961 0.02668
0.18576 0.043268
0.12227 0.041716
0.12402 0.042654
0.24841 0.026292
0.12343 0.042949
0.24578 0.029232
0.12266 0.043278
0.123 0.043072
0.12212 0.043317
0.25723 0.026168
0.22799 0.033739
0.26705 0.02541
0.11718 0.041186
0.11985 0.042723
0.11658 0.040778
0.26302 0.029178
0.22841 0.037512
0.254 0.034483
0.054816 0.041723
0.042624 0.039873
0.27476 0.029072
0.21896 0.036185
0.27367 0.030559
0.15615 0.053285
0.033623 0.040587
0.031952 0.041567
0.2721 0.033591
0.031656 0.042322
0.27795 0.031892
0.13511 0.047544
0.03165 0.044107
0.031846 0.046347
0.2846 0.030331
0.20576 0.037685
0.30735 0.024131
0.031133 0.048477
0.03118 0.047182
0.031138 0.048516
0.28383 0.03232
0.080857 0.041302
0.28282 0.033293
0.10248 0.04137
0.031315 0.048784
0.30951 0.028839
0.11208 0.042304
0.32046 0.023533
0.039314 0.05089
0.031883 0.049341
0.032009 0.049451
0.31796 0.028121
0.032227 0.049554
0.28039 0.035245
0.032319 0.049586
0.032224 0.049553
0.032303 0.049581
0.30263 0.032423
0.032636 0.04972
0.33819 0.022171
0.14394 0.051835
0.16326 0.052008
0.055872 0.044632
0.053759 0.045401
0.35025 0.022584
0.32843 0.02975
0.37193 0.020563
0.36465 0.023276
0.33164 0.031188
0.35928 0.026932
0.29806 0.033314
0.34396 0.033602
0.33799 0.03325
0.053851 0.044955
0.056977 0.044337
0.37208 0.030525
0.36287 0.034392
0.25116 0.038744
0.32497 0.03866
0.34792 0.038443
0.30317 0.040807
0.3337 0.038334
0.2868 0.040327
0.27989 0.041026
0.38741 0.021395
0.38497 0.022806
0.39756 0.020222
0.39364 0.022872
0.38293 0.024559
0.40445 0.021246
0.39458 0.026217
0.36535 0.030777
0.38159 0.030669
0.38369 0.032113
0.39239 0.030851
0.34546 0.040162
0.35849 0.038315
0.39632 0.027944
0.39984 0.024168
0.28693 0.040542
0.36825 0.035737
0.39258 0.037186
0.40457 0.026651
0.38968 0.040503
0.37715 0.033643
0.3985 0.037221
0.40181 0.027847
0.38258 0.037266
0.42155 0.020496
0.44304 0.021407
0.4945 0.020904
0.46345 0.025226
0.44572 0.023316
0.49906 0.023555
0.41502 0.023973
0.42463 0.033994
0.53524 0.027797
0.50542 0.029189
0.41965 0.029191
0.42476 0.036537
0.50494 0.030686
0.49363 0.035043
0.40664 0.024644
0.40952 0.025042
0.47431 0.033769
0.44945 0.033066
0.41697 0.031871
0.41284 0.029182
0.45098 0.036433
0.41801 0.03842
0.43332 0.033794
0.54591 0.021081
0.54817 0.02464
0.56977 0.02153
0.57728 0.025653
0.55722 0.028853
0.56857 0.030944
0.56478 0.037616
0.57173 0.038821
0.59189 0.034311
0.54458 0.033917
0.53021 0.030936
0.60325 0.038833
0.61139 0.036312
0.52112 0.034065
0.50134 0.035304
0.59242 0.035135
0.54827 0.041008
0.49488 0.035408
0.51149 0.036673
0.53574 0.039788
0.58024 0.022375
0.60645 0.028363
0.59977 0.026095
0.62784 0.035886
0.5995 0.030288
0.83158 0.041283
0.61998 0.0374
0.60504 0.038327
0.57928 0.040229
0.55587 0.039439
0.60506 0.022139
0.89528 0.038811
0.61849 0.023879
0.9246 0.040182
0.88473 0.039531
0.94145 0.042649
0.63641 0.037138
0.71029 0.039533
0.63993 0.036453
0.81996 0.039681
0.95838 0.041876
0.96332 0.041738
0.62829 0.022774
0.96488 0.041593
0.65293 0.035003
0.96568 0.041607
0.96519 0.041603
0.96573 0.041603
0.64193 0.028127
0.79158 0.039048
0.64678 0.027635
0.96555 0.041511
0.96569 0.04157
0.64762 0.022608
0.96523 0.041452
0.66396 0.035559
0.70304 0.039967
0.96544 0.041486
0.96372 0.04138
0.66673 0.035752
0.743 0.040162
0.66353 0.027581
0.68345 0.037834
0.96236 0.041427
0.67368 0.03584
0.94236 0.041069
0.67112 0.024748
0.71986 0.038413
0.94807 0.043073
0.93056 0.036878
0.67392 0.022897
0.8994 0.036067
0.68622 0.031028
0.70115 0.039638
0.87821 0.037249
0.8531 0.039405
0.69504 0.032934
0.82016 0.038462
0.69822 0.037161
0.78691 0.039154
0.77819 0.039269
0.69907 0.024726
0.76795 0.039041
0.70527 0.02688
0.76318 0.040059
0.76803 0.039028
0.76615 0.039388
0.70917 0.023013
0.7618 0.040361
0.71822 0.034969
0.77285 0.038493
0.76227 0.040205
0.76693 0.038949
0.7211 0.033591
0.78281 0.039145
0.72809 0.022341
0.74252 0.038166
0.7791 0.038855
0.79353 0.037066
0.73631 0.022093
0.74649 0.03985
0.73984 0.034236
0.7501 0.040835
0.8131 0.037536
0.82434 0.036319
0.7454 0.023151
0.75395 0.041087
0.7499 0.036623
0.75832 0.03835
0.83864 0.038666
0.84321 0.038099
0.75245 0.02993
0.77322 0.033263
0.76182 0.031082
0.77959 0.033683
0.84389 0.03742
0.85545 0.037872
0.76251 0.028094
0.79041 0.030568
0.77478 0.024199
0.86738 0.035957
0.86113 0.038682
0.8728 0.033507
0.78555 0.021717
0.80905 0.028565
0.79565 0.024171
0.89709 0.031523
0.80842 0.0229
0.84822 0.030399
0.83074 0.023854
0.85816 0.029624
0.90698 0.030917
0.85031 0.025796
0.93297 0.0315
0.86015 0.025396
0.94563 0.031402
0.93827 0.031484
0.94435 0.031609
0.87251 0.021367
0.90334 0.024147
0.89627 0.021944
0.95909 0.029449
0.95485 0.029503
0.96239 0.029364
0.93294 0.022407
0.93773 0.023718
0.97319 0.0221
0.97609 0.024412
0.96573 0.029476
