345
0.02098 0.025582
0.020377 0.036434
0.035475 0.025004
0.022018 0.036463
0.021124 0.036434
0.022463 0.036436
0.043087 0.022052
0.032774 0.031585
0.047131 0.02815
0.025471 0.036652
0.023962 0.036467
0.060936 0.022288
0.026543 0.036636
0.06897 0.023074
0.027667 0.036657
0.027064 0.036651
0.028777 0.036616
0.077627 0.021961
0.055443 0.033709
0.08272 0.033107
0.040337 0.036667
0.032355 0.036246
0.037148 0.03628
0.090117 0.027488
0.047267 0.037708
0.094853 0.023058
0.058541 0.039726
0.051855 0.038537
0.058724 0.039758
0.099435 0.030706
0.072875 0.042489
0.10667 0.023054
0.092411 0.041621
0.074214 0.042824
0.07844 0.045277
0.11164 0.025486
0.094967 0.043631
0.11923 0.023138
0.10957 0.039836
0.078209 0.045934
0.078433 0.046687
0.12218 0.031654
0.10683 0.043362
0.1278 0.026386
0.10817 0.045346
0.077068 0.047545
0.073152 0.049192
0.13376 0.030212
0.070755 0.050169
0.14112 0.02341
0.11471 0.046429
0.070918 0.050184
0.076044 0.050228
0.14921 0.027023
0.078565 0.049922
0.15258 0.030114
0.13668 0.041306
0.07945 0.049822
0.083214 0.049586
0.15959 0.028194
0.13848 0.045014
0.15601 0.03746
0.086746 0.051453
0.084137 0.050141
0.17021 0.026751
0.08839 0.05244
0.17284 0.033572
0.15571 0.045854
0.089463 0.053024
0.092144 0.054727
0.17781 0.030387
0.09197 0.055285
0.17789 0.03506
0.091622 0.055858
0.091713 0.055484
0.091158 0.055926
0.18369 0.02915
0.17174 0.050865
0.19002 0.028523
0.085659 0.054893
0.088887 0.055831
0.08483 0.05461
0.18919 0.034466
0.17324 0.057861
0.18714 0.04331
0.050551 0.050925
0.037659 0.046426
0.1966 0.034239
0.16879 0.060002
0.19674 0.036374
0.13714 0.058644
0.0312 0.04825
0.029877 0.050661
0.19756 0.040276
0.029836 0.051889
0.2007 0.038997
0.1033 0.064259
0.030545 0.054477
0.032003 0.058658
0.20367 0.038905
0.165 0.060894
0.21255 0.028117
0.032631 0.066875
0.031741 0.061778
0.03267 0.067051
0.20436 0.043359
0.063811 0.059887
0.20418 0.04564
0.07506 0.061422
0.033135 0.06772
0.21404 0.037044
0.082918 0.06094
0.21935 0.026543
0.046294 0.058661
0.034364 0.069112
0.03459 0.069272
0.21948 0.034429
0.034916 0.069282
0.20239 0.051777
0.03504 0.069214
0.034912 0.069285
0.03502 0.069235
0.21097 0.047967
0.035422 0.068434
0.22916 0.024045
0.10929 0.064686
0.14139 0.061182
0.055248 0.065121
0.054973 0.06639
0.23582 0.024887
0.22985 0.037982
0.24631 0.021183
0.24247 0.026753
0.23424 0.041391
0.24338 0.033052
0.2069 0.054862
0.24246 0.043328
0.23923 0.045574
0.053951 0.062613
0.055622 0.065373
0.26958 0.036457
0.277 0.037695
0.187 0.060925
0.25135 0.048306
0.2717 0.04229
0.28377 0.041105
0.26343 0.046888
0.28921 0.040349
0.30488 0.039606
0.29628 0.021136
0.28314 0.022808
0.44177 0.020043
0.37164 0.020799
0.27672 0.025189
0.50598 0.020267
0.38137 0.021535
0.25749 0.035779
0.31147 0.029699
0.32682 0.029507
0.35465 0.024617
0.32331 0.034543
0.3319 0.035252
0.39881 0.021464
0.46452 0.020981
0.32423 0.039246
0.33737 0.042626
0.35053 0.028394
0.50658 0.021438
0.34607 0.03325
0.34451 0.041694
0.38556 0.02392
0.4764 0.021529
0.35724 0.030357
0.6187 0.020102
0.6587 0.021306
0.71023 0.020931
0.67825 0.025685
0.66136 0.023071
0.71426 0.023842
0.57125 0.020831
0.63228 0.023986
0.73911 0.028205
0.7092 0.02918
0.60258 0.021581
0.63297 0.02563
0.70568 0.030312
0.67442 0.040459
0.51577 0.020932
0.54263 0.020842
0.66237 0.040349
0.65827 0.033826
0.57884 0.022187
0.55767 0.021882
0.65779 0.045784
0.65362 0.047186
0.64746 0.030826
0.75557 0.021035
0.7584 0.024482
0.77585 0.022547
0.77987 0.030353
0.76176 0.029751
0.77065 0.03438
0.75785 0.038419
0.76278 0.041072
0.78929 0.04411
0.74298 0.033025
0.72957 0.032429
0.82409 0.054202
0.84125 0.064321
0.71722 0.034109
0.68378 0.038993
0.78978 0.045371
0.73603 0.040116
0.6736 0.042717
0.69512 0.038817
0.72193 0.040015
0.78171 0.024484
0.79687 0.040086
0.79255 0.033245
0.81321 0.045832
0.79384 0.041603
0.91486 0.072513
0.84437 0.066368
0.83193 0.057636
0.77221 0.044701
0.74306 0.041234
0.79401 0.02512
0.94489 0.070329
0.79894 0.028512
0.95314 0.07529
0.9401 0.07098
0.95918 0.0757
0.82361 0.04691
0.86696 0.067652
0.82369 0.045772
0.91203 0.070262
0.96856 0.076449
0.97057 0.076844
0.80395 0.024806
0.97135 0.077005
0.82687 0.04427
0.97181 0.077022
0.97151 0.077026
0.97184 0.077004
0.8145 0.032294
0.90333 0.069154
0.81684 0.031188
0.97177 0.076627
0.97183 0.076851
0.8162 0.023837
0.9716 0.076423
0.83326 0.041105
0.86487 0.06414
0.97171 0.076538
0.9709 0.075881
0.8359 0.041225
0.87255 0.067865
0.82865 0.029619
0.85973 0.064593
0.97029 0.075444
0.84544 0.047109
0.96132 0.068419
0.83459 0.027138
0.86811 0.062523
0.96329 0.072156
0.95792 0.063898
0.83657 0.024699
0.94752 0.063124
0.84786 0.040298
0.86271 0.057668
0.93812 0.065501
0.92301 0.067192
0.85275 0.041042
0.91266 0.064469
0.85765 0.049336
0.90088 0.063469
0.89624 0.063186
0.85109 0.02747
0.89111 0.062727
0.85552 0.031742
0.8888 0.061946
0.89114 0.062742
0.89035 0.062361
0.85713 0.025409
0.88766 0.061546
0.86559 0.050828
0.89334 0.060282
0.88814 0.061251
0.89082 0.060701
0.86646 0.04863
0.899 0.059538
0.86693 0.024761
0.87265 0.0539
0.89695 0.05974
0.90404 0.059349
0.87033 0.024162
0.87399 0.053201
0.87221 0.04728
0.87596 0.051218
0.91066 0.059106
0.91461 0.05947
0.87541 0.024508
0.8798 0.049254
0.8776 0.041617
0.88627 0.047552
0.92006 0.059442
0.92251 0.058524
0.88205 0.032356
0.89436 0.046424
0.88913 0.039139
0.89778 0.04599
0.92324 0.056714
0.92768 0.056379
0.88919 0.034237
0.90322 0.042041
0.89507 0.028111
0.93533 0.055121
0.9306 0.055888
0.93853 0.054481
0.90108 0.023228
0.91114 0.038903
0.90622 0.029247
0.94833 0.051479
0.91152 0.026443
0.92776 0.041205
0.92097 0.029233
0.93365 0.038484
0.95181 0.050476
0.92979 0.031803
0.96136 0.049203
0.93513 0.030786
0.96703 0.047505
0.96368 0.047916
0.96641 0.047479
0.94063 0.023624
0.95169 0.031859
0.94926 0.025358
0.9722 0.046424
0.97084 0.046748
0.97328 0.046319
0.96231 0.026138
0.96422 0.029107
0.97753 0.025784
0.97858 0.032188
0.97467 0.04635
