345
0.021379 0.023967
0.020612 0.031625
0.040009 0.023551
0.023271 0.031643
0.021821 0.031625
0.023993 0.031627
0.052252 0.021273
0.03756 0.028488
0.05962 0.024596
0.029011 0.032668
0.026464 0.032005
0.085219 0.021134
0.03067 0.032544
0.10899 0.02079
0.032249 0.032261
0.031417 0.032419
0.033703 0.032051
0.1368 0.020742
0.080407 0.027229
0.14872 0.025573
0.055544 0.029903
0.038478 0.031384
0.048383 0.029829
0.16616 0.023436
0.068969 0.029917
0.17617 0.021462
0.088988 0.031125
0.076785 0.02972
0.089216 0.031138
0.18529 0.025033
0.1209 0.027017
0.20138 0.021591
0.16151 0.030096
0.12423 0.027457
0.13182 0.029851
0.21025 0.023599
0.16546 0.031187
0.21925 0.022634
0.19545 0.031153
0.13103 0.030092
0.13105 0.030486
0.22026 0.029495
0.18718 0.032353
0.22894 0.02502
0.18719 0.033965
0.12823 0.030232
0.11982 0.029701
0.23742 0.027492
0.11302 0.029314
0.2472 0.022955
0.18974 0.036999
0.11346 0.029363
0.12555 0.030923
0.25549 0.026211
0.12967 0.031961
0.25844 0.028327
0.22643 0.036802
0.13113 0.032181
0.1365 0.032937
0.26901 0.024447
0.22345 0.038849
0.25588 0.033244
0.13932 0.034868
0.1372 0.033461
0.29458 0.023139
0.14092 0.035646
0.29935 0.027068
0.24109 0.038308
0.14202 0.035996
0.145 0.036242
0.30827 0.026959
0.14392 0.036433
0.30559 0.030048
0.14253 0.036642
0.14316 0.036534
0.14156 0.036727
0.31583 0.027941
0.28745 0.034242
0.32294 0.026662
0.1352 0.035987
0.13786 0.036828
0.13466 0.035709
0.32046 0.031826
0.28665 0.037307
0.31185 0.037007
0.083979 0.037963
0.052306 0.034837
0.32865 0.030146
0.27809 0.035215
0.32727 0.032108
0.20073 0.037004
0.03869 0.037798
0.037221 0.038905
0.32511 0.036259
0.03765 0.039221
0.33138 0.032205
0.16647 0.037284
0.040036 0.039523
0.043281 0.039617
0.33948 0.028758
0.26366 0.036835
0.36698 0.023991
0.044282 0.040128
0.042716 0.040043
0.044342 0.040128
0.33818 0.03054
0.11248 0.038481
0.33678 0.031559
0.12108 0.03579
0.045113 0.040044
0.36919 0.028731
0.13005 0.037361
0.37929 0.024043
0.069641 0.03964
0.047131 0.039857
0.047548 0.039889
0.37722 0.029186
0.048194 0.039913
0.33343 0.034198
0.048458 0.039917
0.048186 0.039913
0.048412 0.039917
0.36347 0.031537
0.049376 0.039932
0.39462 0.022245
0.18136 0.038396
0.2139 0.03812
0.091997 0.040336
0.089857 0.040679
0.40703 0.022476
0.38547 0.031363
0.42691 0.020701
0.42099 0.023815
0.38817 0.032682
0.41653 0.027491
0.35833 0.031547
0.40001 0.033567
0.3935 0.033842
0.08916 0.040443
0.093305 0.040084
0.42845 0.03308
0.4228 0.036505
0.30747 0.038377
0.3829 0.040537
0.40506 0.038062
0.36864 0.039527
0.38869 0.039875
0.34058 0.03637
0.33151 0.038467
0.44057 0.021441
0.43773 0.02295
0.45064 0.020261
0.44714 0.02307
0.43556 0.024895
0.45583 0.021678
0.44803 0.026785
0.42285 0.032696
0.43533 0.031736
0.43785 0.033128
0.44642 0.031404
0.40157 0.039797
0.42105 0.038971
0.44961 0.02909
0.45246 0.025166
0.34076 0.036463
0.42837 0.038537
0.44952 0.038929
0.45592 0.028974
0.44806 0.041536
0.43359 0.035955
0.45409 0.041679
0.45392 0.03012
0.43932 0.039182
0.4678 0.020643
0.48473 0.022053
0.50993 0.021898
0.49691 0.030954
0.4867 0.024993
0.51197 0.027074
0.46302 0.025258
0.47233 0.038066
0.5371 0.028321
0.51547 0.037237
0.46595 0.032019
0.47381 0.040115
0.51494 0.040227
0.51046 0.048771
0.45734 0.026414
0.45927 0.027058
0.50412 0.049665
0.49305 0.043295
0.4639 0.035737
0.46129 0.032503
0.49663 0.049098
0.46496 0.041736
0.48043 0.039136
0.54751 0.021075
0.55013 0.024646
0.57005 0.021627
0.57733 0.025995
0.55865 0.029607
0.56881 0.031883
0.56115 0.04043
0.5684 0.040832
0.59103 0.036337
0.54497 0.033761
0.53202 0.032822
0.60217 0.041245
0.60958 0.040296
0.52519 0.040289
0.51307 0.047793
0.59164 0.037296
0.54642 0.040922
0.51089 0.048927
0.51853 0.047672
0.53472 0.04193
0.58029 0.022504
0.6038 0.030212
0.59762 0.026982
0.62146 0.039449
0.5976 0.031748
0.82627 0.039691
0.6153 0.042027
0.60419 0.041479
0.57567 0.041114
0.55422 0.041063
0.60245 0.022595
0.8937 0.038154
0.61291 0.024946
0.92006 0.039673
0.87764 0.036949
0.93426 0.040713
0.62659 0.039499
0.69311 0.038103
0.62964 0.039492
0.80759 0.037973
0.95457 0.039216
0.95984 0.039142
0.62104 0.023265
0.96192 0.039053
0.63874 0.038527
0.96287 0.039052
0.9623 0.039056
0.96292 0.039049
0.63293 0.030029
0.78928 0.037614
0.63652 0.029382
0.96272 0.038985
0.96288 0.039027
0.63713 0.023206
0.96235 0.03894
0.64801 0.037782
0.68589 0.038705
0.96259 0.038966
0.96038 0.038882
0.6506 0.037628
0.72905 0.037769
0.65031 0.028596
0.66633 0.038736
0.95867 0.038927
0.65781 0.037771
0.93532 0.039802
0.65717 0.025314
0.70153 0.037204
0.94141 0.040226
0.92534 0.036417
0.65968 0.023271
0.89763 0.036422
0.67007 0.032078
0.68342 0.038336
0.87007 0.03616
0.84472 0.037791
0.67808 0.032491
0.80836 0.037161
0.68036 0.036263
0.77959 0.036086
0.76625 0.037867
0.68295 0.024475
0.75569 0.039096
0.69038 0.026487
0.75156 0.039917
0.75576 0.039084
0.75429 0.039407
0.69436 0.022804
0.75025 0.039948
0.70122 0.034219
0.75968 0.038672
0.75069 0.039911
0.75492 0.039035
0.70495 0.032672
0.77185 0.036241
0.71485 0.022134
0.72907 0.036811
0.76742 0.037191
0.78999 0.036584
0.72322 0.021956
0.73384 0.037875
0.72625 0.033248
0.73816 0.038815
0.80184 0.038942
0.8156 0.034165
0.7334 0.022843
0.74281 0.039583
0.73829 0.035472
0.74712 0.037957
0.832 0.039317
0.83548 0.038728
0.74124 0.029371
0.76125 0.033345
0.75089 0.031048
0.76867 0.032208
0.83594 0.038121
0.84803 0.036737
0.75163 0.02807
0.78323 0.02905
0.76377 0.024198
0.86038 0.036213
0.85513 0.037261
0.86522 0.033726
0.77526 0.021465
0.79996 0.029377
0.78813 0.023919
0.89321 0.031218
0.7994 0.023196
0.83963 0.030103
0.82375 0.023614
0.8515 0.029026
0.90249 0.031598
0.84193 0.025484
0.92762 0.031186
0.85363 0.025111
0.94078 0.030333
0.93274 0.031038
0.93931 0.030632
0.86519 0.021385
0.89859 0.024261
0.89143 0.021846
0.95613 0.028357
0.9514 0.028449
0.95961 0.028256
0.9276 0.022338
0.9323 0.023582
0.97215 0.021822
0.97549 0.023828
0.96355 0.028323
