345
0.023056 0.02179
0.021179 0.02527
0.062749 0.022407
0.026303 0.025279
0.023511 0.02527
0.027697 0.025271
0.075896 0.021339
0.055872 0.024814
0.081941 0.025258
0.037082 0.025752
0.032377 0.02543
0.10422 0.02142
0.04013 0.025896
0.11971 0.021375
0.043194 0.025969
0.041546 0.02593
0.046208 0.026082
0.13925 0.021066
0.09657 0.028241
0.14677 0.029134
0.072068 0.029979
0.054916 0.026651
0.06629 0.028257
0.15688 0.026123
0.082133 0.031362
0.16224 0.022748
0.10047 0.032544
0.089593 0.031123
0.10071 0.032593
0.16704 0.030346
0.12662 0.030027
0.17424 0.023547
0.15453 0.037619
0.12938 0.030306
0.13584 0.033227
0.17813 0.027535
0.15644 0.039569
0.1829 0.024513
0.17163 0.045161
0.13522 0.033439
0.13529 0.033937
0.1836 0.035895
0.16773 0.045383
0.1893 0.027403
0.16753 0.048495
0.13275 0.033613
0.12448 0.033674
0.19521 0.030748
0.11882 0.034607
0.20196 0.024253
0.16826 0.055792
0.11913 0.034587
0.13004 0.034508
0.20773 0.028514
0.13426 0.035639
0.20996 0.031048
0.18833 0.045255
0.13565 0.036088
0.14058 0.038474
0.21849 0.025886
0.18598 0.049624
0.20833 0.037744
0.14323 0.041868
0.1413 0.039389
0.23692 0.023972
0.14425 0.043489
0.24076 0.028613
0.19912 0.047194
0.14485 0.044369
0.14634 0.045845
0.24814 0.027522
0.14589 0.046164
0.2459 0.03129
0.1453 0.046481
0.14556 0.046267
0.14488 0.046447
0.25566 0.026719
0.23242 0.039082
0.26536 0.025215
0.14052 0.042648
0.143 0.045281
0.13992 0.041947
0.26097 0.029325
0.23267 0.044305
0.25253 0.036425
0.08038 0.040322
0.066672 0.033713
0.27376 0.02825
0.22605 0.041512
0.27258 0.029625
0.17339 0.058454
0.051406 0.030941
0.04812 0.031378
0.27082 0.032429
0.047924 0.0318
0.27729 0.030737
0.15544 0.052336
0.049344 0.032983
0.051925 0.034821
0.28469 0.029192
0.21565 0.04191
0.30978 0.023932
0.051987 0.036805
0.050853 0.035456
0.052038 0.036849
0.28397 0.030978
0.10238 0.043881
0.28287 0.031872
0.12297 0.040209
0.052835 0.037225
0.31203 0.028597
0.13547 0.042672
0.32305 0.023776
0.069697 0.046561
0.054901 0.038227
0.055328 0.038443
0.32078 0.028505
0.055988 0.038751
0.28015 0.033688
0.056256 0.038866
0.05598 0.038748
0.05621 0.038848
0.30537 0.031586
0.057222 0.039306
0.3385 0.022215
0.16292 0.057156
0.1796 0.056834
0.081958 0.044682
0.080312 0.044988
0.35197 0.022212
0.32999 0.031106
0.37656 0.020509
0.36847 0.02292
0.33261 0.032507
0.3625 0.026088
0.30067 0.032171
0.34376 0.032791
0.33761 0.033625
0.080284 0.044407
0.082848 0.044633
0.37672 0.029506
0.36618 0.032761
0.24983 0.042052
0.32723 0.040788
0.34755 0.036381
0.30775 0.039694
0.33346 0.040084
0.28826 0.037983
0.27981 0.038944
0.39356 0.021283
0.39091 0.022569
0.40452 0.02021
0.40034 0.02269
0.38869 0.024165
0.41164 0.021204
0.40135 0.02584
0.36923 0.029625
0.38723 0.029733
0.38951 0.031074
0.39897 0.030128
0.34395 0.038713
0.36076 0.036031
0.40322 0.0275
0.4069 0.023975
0.28845 0.038176
0.37218 0.034147
0.39917 0.03605
0.41177 0.026431
0.396 0.038992
0.38232 0.032388
0.4055 0.036361
0.40892 0.027526
0.38826 0.035767
0.42884 0.020509
0.44898 0.021558
0.49262 0.02101
0.4666 0.02637
0.45137 0.023708
0.49664 0.023902
0.42248 0.023988
0.43179 0.034535
0.53088 0.02807
0.50255 0.029826
0.42702 0.029382
0.43191 0.037185
0.50214 0.031448
0.49193 0.036873
0.4139 0.024522
0.41685 0.02496
0.47528 0.036806
0.45469 0.034884
0.42442 0.032002
0.42027 0.029144
0.45605 0.038862
0.42544 0.038692
0.4401 0.034762
0.54166 0.020989
0.54433 0.024124
0.56831 0.021499
0.57592 0.025642
0.55496 0.027854
0.56717 0.030625
0.56427 0.036693
0.57107 0.038651
0.59027 0.034454
0.53975 0.032949
0.5262 0.031644
0.60092 0.039509
0.60856 0.037165
0.51809 0.034812
0.4988 0.036642
0.59076 0.035305
0.54408 0.038685
0.49304 0.037196
0.50883 0.037388
0.53093 0.040427
0.57888 0.022378
0.60461 0.028735
0.59822 0.026269
0.62461 0.035995
0.59792 0.030575
0.82264 0.039889
0.61633 0.037907
0.60257 0.039056
0.57823 0.040375
0.55429 0.037132
0.6033 0.022227
0.88857 0.040473
0.616 0.024008
0.91189 0.042863
0.87827 0.038971
0.92578 0.043465
0.63335 0.037558
0.70787 0.0415
0.63703 0.037174
0.80967 0.039388
0.94318 0.037359
0.94987 0.03571
0.62571 0.022789
0.95247 0.035294
0.64913 0.036593
0.95386 0.035153
0.95299 0.035243
0.95395 0.035142
0.63927 0.028578
0.78374 0.041625
0.64366 0.028252
0.95367 0.035097
0.95389 0.035121
0.64442 0.022831
0.95313 0.035107
0.65925 0.037107
0.70223 0.040254
0.95348 0.035097
0.95066 0.035331
0.66188 0.037291
0.73186 0.041106
0.65881 0.028338
0.6782 0.037179
0.94859 0.035649
0.66846 0.037089
0.92694 0.041123
0.66575 0.025194
0.71508 0.040705
0.93133 0.042483
0.91719 0.038273
0.6683 0.023124
0.89203 0.03786
0.68038 0.030326
0.7006 0.039407
0.8696 0.035581
0.84439 0.041567
0.69116 0.031741
0.80991 0.038151
0.69652 0.036321
0.77976 0.041634
0.77226 0.041553
0.69508 0.024489
0.76323 0.03963
0.70123 0.027005
0.75874 0.039389
0.7633 0.039637
0.76165 0.039516
0.70481 0.023201
0.75685 0.039273
0.71356 0.036676
0.76753 0.040242
0.7575 0.039259
0.7623 0.03927
0.71588 0.035283
0.77625 0.041518
0.72184 0.022695
0.73196 0.038934
0.77302 0.041068
0.78537 0.039334
0.72882 0.022351
0.73539 0.039388
0.7307 0.035331
0.73972 0.039091
0.80277 0.038093
0.81428 0.035675
0.73712 0.023066
0.74536 0.038395
0.74072 0.035103
0.75189 0.036422
0.8308 0.037465
0.83606 0.037946
0.74531 0.028613
0.76741 0.034542
0.75636 0.030504
0.7731 0.035266
0.83672 0.03741
0.84604 0.03967
0.75711 0.027749
0.78245 0.031924
0.76848 0.024646
0.85623 0.035566
0.85012 0.039946
0.86311 0.032226
0.77814 0.021927
0.79906 0.029082
0.78707 0.024723
0.88896 0.032653
0.79845 0.023086
0.84005 0.030892
0.82114 0.023569
0.84859 0.030515
0.8975 0.032543
0.84176 0.026213
0.91999 0.032249
0.85031 0.025771
0.93236 0.030656
0.92503 0.031697
0.93099 0.031033
0.8631 0.021238
0.89432 0.024689
0.88786 0.02212
0.94871 0.027046
0.94345 0.027691
0.95299 0.026727
0.92023 0.022562
0.92484 0.023802
0.96955 0.021369
0.974 0.022876
0.95806 0.026552
