345
0.02247 0.022215
0.020953 0.026521
0.052646 0.023043
0.025094 0.026533
0.022837 0.026521
0.02622 0.026522
0.064262 0.021436
0.047686 0.026569
0.069989 0.025419
0.033804 0.027365
0.030002 0.026769
0.092635 0.021369
0.036267 0.027683
0.10877 0.021317
0.038635 0.027911
0.037386 0.027789
0.040808 0.028192
0.12922 0.021015
0.084722 0.02801
0.13713 0.028674
0.060553 0.031148
0.047006 0.029127
0.055472 0.029963
0.1478 0.025802
0.070024 0.031701
0.15346 0.022608
0.088692 0.032115
0.077481 0.031079
0.088938 0.032159
0.15851 0.029838
0.11599 0.029586
0.16607 0.02338
0.14536 0.036692
0.11888 0.029848
0.12568 0.032617
0.17014 0.027179
0.14738 0.038541
0.17515 0.024297
0.16328 0.043988
0.12503 0.032822
0.12511 0.033297
0.17585 0.035133
0.15921 0.044177
0.18188 0.027042
0.15899 0.047158
0.12245 0.032997
0.11378 0.033079
0.18809 0.030191
0.10785 0.03399
0.1952 0.023994
0.15974 0.054155
0.10817 0.03397
0.11961 0.033861
0.2014 0.027927
0.12405 0.034925
0.20381 0.030253
0.18075 0.044052
0.12551 0.035346
0.13071 0.03759
0.21305 0.025322
0.17826 0.048239
0.20197 0.036507
0.13353 0.040802
0.13148 0.038456
0.23421 0.023409
0.13462 0.042342
0.23868 0.027397
0.19204 0.045671
0.13527 0.043178
0.13684 0.044579
0.24726 0.026467
0.13637 0.044885
0.24465 0.029703
0.13576 0.045192
0.13603 0.044986
0.13531 0.045161
0.256 0.026081
0.22874 0.036381
0.26619 0.02515
0.13069 0.041566
0.13333 0.044059
0.13005 0.040902
0.26191 0.028865
0.2289 0.040905
0.25257 0.034445
0.067235 0.041079
0.054751 0.036574
0.27439 0.028457
0.22136 0.038892
0.27324 0.029866
0.1651 0.056727
0.044035 0.0351
0.041678 0.035465
0.27165 0.032739
0.041472 0.036018
0.27786 0.031011
0.14638 0.050774
0.042247 0.037745
0.04368 0.040428
0.28505 0.029432
0.20985 0.040038
0.30898 0.024257
0.043367 0.04283
0.042837 0.041207
0.043395 0.042881
0.28436 0.031265
0.090447 0.042916
0.2833 0.032181
0.11222 0.039336
0.043867 0.043298
0.31106 0.029233
0.12539 0.04162
0.32149 0.02379
0.054855 0.048699
0.045095 0.044237
0.045347 0.044427
0.31915 0.02866
0.045745 0.044644
0.28071 0.034041
0.045908 0.044721
0.04574 0.044642
0.04588 0.04471
0.30478 0.032396
0.04649 0.045023
0.33766 0.022208
0.15418 0.055433
0.17159 0.055164
0.06846 0.044742
0.066611 0.045202
0.35055 0.022344
0.32874 0.030657
0.374 0.02053
0.36623 0.023048
0.33154 0.032085
0.3605 0.02639
0.30045 0.032862
0.3431 0.033113
0.33702 0.03353
0.066651 0.044693
0.069439 0.044631
0.37416 0.029904
0.36413 0.033347
0.24942 0.0389
0.32528 0.040225
0.34696 0.037132
0.30631 0.041081
0.33268 0.039507
0.28847 0.03846
0.28051 0.039431
0.39031 0.021336
0.38777 0.022681
0.40087 0.020216
0.3968 0.022777
0.38564 0.024346
0.40787 0.021225
0.39777 0.026021
0.36697 0.030039
0.38423 0.030153
0.38642 0.031556
0.39549 0.030472
0.34387 0.039231
0.3591 0.03685
0.39959 0.027714
0.40321 0.024069
0.28865 0.038658
0.36989 0.034732
0.39568 0.036592
0.408 0.02654
0.39265 0.039712
0.37954 0.032915
0.40184 0.036777
0.4052 0.027684
0.38524 0.03645
0.42506 0.020501
0.44592 0.021479
0.49371 0.020951
0.46499 0.025693
0.44845 0.023504
0.49802 0.023716
0.41856 0.023971
0.42808 0.034207
0.53334 0.027802
0.50417 0.02951
0.4232 0.029257
0.4282 0.036792
0.5037 0.031067
0.4929 0.035854
0.41009 0.024581
0.413 0.024996
0.47486 0.035019
0.45196 0.033904
0.42054 0.031905
0.41636 0.029147
0.4534 0.037532
0.42158 0.038503
0.43659 0.034226
0.54422 0.021037
0.54663 0.024407
0.56956 0.021445
0.57752 0.02559
0.55626 0.028334
0.56835 0.030331
0.56477 0.036614
0.57252 0.038009
0.59171 0.035313
0.54285 0.033412
0.5284 0.031135
0.60182 0.040179
0.60914 0.037454
0.51947 0.034375
0.5002 0.03594
0.59223 0.036196
0.54695 0.039975
0.49407 0.036208
0.51009 0.037108
0.53386 0.039761
0.5806 0.022394
0.60508 0.028964
0.59885 0.026528
0.62504 0.035657
0.5986 0.031018
0.82722 0.041867
0.6167 0.03788
0.6034 0.039639
0.58103 0.040405
0.55516 0.038295
0.60379 0.022293
0.89287 0.038542
0.61631 0.024005
0.91928 0.042053
0.88098 0.038318
0.93446 0.043763
0.63407 0.036841
0.70944 0.041238
0.63788 0.036341
0.81617 0.040424
0.94984 0.040346
0.95488 0.03876
0.62616 0.022723
0.95687 0.038142
0.65083 0.035376
0.95796 0.037911
0.95728 0.038057
0.95803 0.037893
0.6402 0.028122
0.78926 0.039409
0.64493 0.027738
0.9578 0.037854
0.95798 0.037872
0.64574 0.02265
0.95737 0.037891
0.66175 0.035877
0.70334 0.040585
0.95765 0.037863
0.95545 0.038271
0.66452 0.036055
0.73668 0.040364
0.66128 0.027738
0.68166 0.037111
0.95385 0.038716
0.67147 0.035925
0.93535 0.041818
0.66874 0.024826
0.71748 0.040169
0.94033 0.043649
0.9247 0.038211
0.67148 0.022911
0.89709 0.036317
0.68413 0.030453
0.70167 0.039913
0.87348 0.035857
0.84688 0.04073
0.69399 0.032422
0.81632 0.039145
0.69827 0.036972
0.78443 0.039429
0.77539 0.03939
0.69791 0.024683
0.76471 0.03873
0.70386 0.027151
0.75968 0.039297
0.76479 0.038724
0.76282 0.038912
0.70745 0.023226
0.75818 0.039473
0.71597 0.036368
0.76982 0.038517
0.7587 0.039359
0.76365 0.038551
0.71848 0.034906
0.7802 0.039347
0.72476 0.022586
0.73654 0.038373
0.77633 0.038989
0.79108 0.037434
0.73216 0.022229
0.74054 0.039295
0.7347 0.034722
0.74462 0.039575
0.80986 0.03833
0.82019 0.036843
0.74095 0.023075
0.74907 0.039519
0.74501 0.035556
0.75439 0.037253
0.83401 0.039399
0.83832 0.039021
0.74867 0.029122
0.77026 0.033285
0.75882 0.030607
0.77673 0.033786
0.83894 0.038337
0.84907 0.038851
0.75958 0.027773
0.78737 0.030751
0.77185 0.024212
0.86102 0.035162
0.85401 0.038831
0.86748 0.032295
0.78254 0.021739
0.80542 0.028934
0.79246 0.024271
0.89386 0.031472
0.80482 0.023022
0.84311 0.031066
0.82633 0.02395
0.85238 0.029894
0.90341 0.031648
0.84508 0.026199
0.92699 0.032336
0.85423 0.025455
0.93894 0.031497
0.9319 0.032029
0.93766 0.031785
0.86739 0.021245
0.89995 0.024314
0.8928 0.021923
0.95292 0.028437
0.94855 0.02898
0.95648 0.027978
0.92699 0.022582
0.93145 0.023904
0.97079 0.021553
0.97471 0.023263
0.9607 0.027666
