345
0.021608 0.023403
0.020622 0.030018
0.046975 0.022567
0.023327 0.030036
0.021853 0.030018
0.024063 0.03002
0.061992 0.02109
0.041355 0.026246
0.069374 0.024589
0.029023 0.030151
0.026533 0.030038
0.091198 0.021676
0.030792 0.030015
0.10138 0.022562
0.032646 0.029801
0.031652 0.029917
0.034476 0.029574
0.11122 0.021801
0.083596 0.029011
0.11619 0.032417
0.056916 0.02855
0.040598 0.028817
0.050579 0.028108
0.12422 0.027297
0.069884 0.030018
0.12909 0.023005
0.088347 0.03389
0.0779 0.03137
0.088603 0.033966
0.13349 0.030626
0.10544 0.039877
0.14093 0.023098
0.12451 0.041288
0.1068 0.040528
0.11072 0.043957
0.14584 0.025668
0.12669 0.043279
0.15306 0.023372
0.14262 0.040222
0.11044 0.044613
0.11057 0.045452
0.15551 0.032762
0.13929 0.043291
0.16085 0.027226
0.14049 0.045245
0.10922 0.04611
0.10531 0.046764
0.16587 0.031733
0.10289 0.046871
0.17228 0.023939
0.14718 0.047326
0.10305 0.04695
0.10802 0.04869
0.17931 0.027836
0.11035 0.048913
0.18228 0.031072
0.16695 0.044461
0.11115 0.048934
0.11443 0.049123
0.18891 0.02858
0.16801 0.048804
0.18479 0.038756
0.11715 0.05146
0.11516 0.049818
0.1994 0.02675
0.11837 0.052585
0.20197 0.033474
0.18373 0.047488
0.1192 0.053208
0.12128 0.054806
0.20706 0.030201
0.12095 0.055419
0.2072 0.034787
0.12046 0.056072
0.12065 0.055663
0.11999 0.056205
0.21313 0.028966
0.20053 0.049776
0.21962 0.028494
0.11537 0.055015
0.11788 0.056209
0.11477 0.054621
0.21915 0.034378
0.20216 0.055938
0.21763 0.042721
0.075874 0.038392
0.051496 0.033147
0.22661 0.034665
0.19717 0.058473
0.22699 0.036885
0.16375 0.061868
0.037992 0.035582
0.035748 0.037263
0.22825 0.040992
0.03562 0.037964
0.23111 0.039924
0.13196 0.060791
0.036587 0.039209
0.038599 0.040829
0.23382 0.039939
0.19307 0.059879
0.24114 0.028384
0.038942 0.044524
0.03785 0.042373
0.038998 0.044597
0.2349 0.04492
0.095009 0.052092
0.23499 0.047494
0.10649 0.059609
0.039874 0.044768
0.24291 0.037444
0.11232 0.060306
0.24784 0.026441
0.067336 0.041172
0.04237 0.045046
0.042833 0.045053
0.24804 0.034189
0.043521 0.044957
0.23489 0.05427
0.043791 0.044885
0.043513 0.044959
0.043746 0.044902
0.24088 0.050035
0.04469 0.044387
0.25828 0.023634
0.14053 0.061405
0.16756 0.063597
0.081659 0.048712
0.080858 0.04923
0.2659 0.024126
0.25887 0.03606
0.27899 0.020933
0.2741 0.025416
0.26371 0.038339
0.2752 0.030413
0.23951 0.058338
0.27372 0.038743
0.26959 0.041035
0.080005 0.046526
0.08224 0.049114
0.30789 0.035187
0.31509 0.037205
0.22093 0.058634
0.28499 0.042188
0.3104 0.040843
0.32139 0.039903
0.30155 0.042337
0.32777 0.03893
0.347 0.039893
0.33566 0.02108
0.32121 0.022677
0.44928 0.020034
0.41082 0.020819
0.31475 0.025036
0.50379 0.02021
0.42065 0.021458
0.29326 0.032746
0.35053 0.030359
0.36475 0.029549
0.3947 0.024541
0.36214 0.035269
0.37003 0.035021
0.43814 0.021397
0.46891 0.020604
0.36359 0.040217
0.37663 0.040615
0.39034 0.027884
0.50456 0.021125
0.38587 0.032007
0.38571 0.039403
0.42515 0.023611
0.48526 0.021202
0.39733 0.030429
0.59284 0.020127
0.63237 0.020997
0.67599 0.021315
0.65319 0.026349
0.63589 0.022464
0.67895 0.02516
0.56265 0.020756
0.60301 0.025186
0.70189 0.027982
0.67466 0.033119
0.58049 0.021992
0.6035 0.027273
0.67182 0.035125
0.64937 0.041266
0.51663 0.020823
0.53223 0.020889
0.63588 0.036137
0.63066 0.030333
0.57075 0.02235
0.54746 0.021724
0.62337 0.037567
0.61256 0.040638
0.6162 0.029399
0.71851 0.021116
0.72097 0.024942
0.73706 0.022516
0.74133 0.02995
0.72389 0.030834
0.73162 0.03499
0.7216 0.040344
0.72529 0.0429
0.75168 0.043129
0.70616 0.032708
0.6916 0.03306
0.76781 0.06542
0.77132 0.068985
0.67873 0.038443
0.65722 0.043633
0.75225 0.044402
0.69785 0.039764
0.64863 0.042728
0.6624 0.045659
0.68059 0.042962
0.74329 0.024279
0.75918 0.040246
0.75474 0.032925
0.77002 0.052969
0.75629 0.041337
0.87538 0.062677
0.7731 0.068926
0.76907 0.067416
0.73251 0.044234
0.70695 0.040355
0.75615 0.025038
0.9151 0.052288
0.76115 0.028718
0.93072 0.050955
0.90826 0.055382
0.94125 0.049411
0.77475 0.055677
0.81366 0.063815
0.77599 0.053878
0.87161 0.061461
0.95784 0.046993
0.9617 0.046555
0.76601 0.025187
0.9632 0.046417
0.7797 0.051355
0.96409 0.046305
0.96352 0.046384
0.96416 0.046288
0.77437 0.034712
0.8606 0.061703
0.7764 0.033619
0.96398 0.046114
0.96412 0.046213
0.77654 0.02465
0.96364 0.046052
0.7861 0.046338
0.81125 0.061834
0.96386 0.046084
0.96224 0.045965
0.78827 0.04613
0.8216 0.063653
0.78605 0.032089
0.80301 0.062784
0.96102 0.045923
0.79475 0.051025
0.94341 0.045038
0.79112 0.028854
0.81615 0.060424
0.94768 0.046434
0.93639 0.043507
0.79271 0.025772
0.91794 0.046721
0.79933 0.043017
0.80979 0.057915
0.90474 0.052522
0.8853 0.05713
0.8039 0.043019
0.87177 0.056931
0.80676 0.050607
0.85704 0.057497
0.85131 0.057789
0.80513 0.028282
0.84505 0.058012
0.80871 0.032678
0.84221 0.057664
0.8451 0.05802
0.84412 0.057811
0.81072 0.025776
0.84081 0.05748
0.81509 0.050795
0.84761 0.055784
0.84138 0.05719
0.8446 0.056422
0.81648 0.048605
0.85443 0.054517
0.82014 0.024877
0.82283 0.052719
0.85195 0.054913
0.86059 0.05381
0.82349 0.024219
0.82445 0.051928
0.823 0.046747
0.82683 0.049933
0.86874 0.052858
0.87364 0.052625
0.82855 0.024501
0.83127 0.047811
0.82956 0.041228
0.83878 0.045716
0.88041 0.051695
0.88332 0.050512
0.83505 0.032063
0.84818 0.044036
0.84233 0.038186
0.85216 0.043384
0.88396 0.048977
0.88955 0.048006
0.84254 0.03352
0.85836 0.039675
0.84895 0.027519
0.8993 0.045772
0.89328 0.047205
0.90334 0.044616
0.85547 0.022919
0.86744 0.036266
0.86122 0.028169
0.91737 0.039611
0.86729 0.025533
0.88794 0.036306
0.8786 0.027442
0.89551 0.033691
0.92321 0.03799
0.88989 0.028948
0.94035 0.035005
0.89713 0.027895
0.95131 0.033111
0.94465 0.033934
0.95004 0.033215
0.9047 0.022534
0.9217 0.027082
0.91769 0.023323
0.96242 0.031734
0.9594 0.032071
0.96485 0.031569
0.94097 0.023134
0.94477 0.024533
0.97433 0.022516
0.97674 0.025302
0.96798 0.03148
