345
0.020877 0.02624
0.020386 0.038285
0.032452 0.026617
0.022063 0.038313
0.021149 0.038285
0.022518 0.038288
0.03826 0.022733
0.031095 0.035275
0.041665 0.030053
0.025702 0.039958
0.024082 0.038881
0.053499 0.022258
0.02674 0.040245
0.064897 0.021697
0.02772 0.040274
0.027205 0.040262
0.028622 0.040409
0.083656 0.020915
0.050964 0.034798
0.093115 0.026934
0.039526 0.041532
0.031496 0.040804
0.036163 0.040518
0.10715 0.024221
0.045599 0.041429
0.11509 0.021683
0.055301 0.04136
0.049334 0.040264
0.055424 0.041362
0.12375 0.025153
0.071038 0.031282
0.1402 0.021659
0.10406 0.032489
0.073375 0.030943
0.079558 0.032243
0.14799 0.023712
0.10685 0.033611
0.15743 0.0225
0.13332 0.031327
0.078918 0.032609
0.078996 0.033075
0.15847 0.028926
0.12469 0.032456
0.16791 0.024772
0.12423 0.034176
0.076589 0.033456
0.070246 0.036044
0.17671 0.027659
0.066678 0.038292
0.18561 0.023263
0.12577 0.037475
0.06688 0.038202
0.074463 0.03533
0.19295 0.026904
0.078026 0.035065
0.19585 0.029147
0.16574 0.035764
0.079372 0.035072
0.084863 0.035687
0.20552 0.025165
0.1622 0.037486
0.19336 0.034608
0.088391 0.037722
0.085765 0.036254
0.22862 0.023176
0.08982 0.03855
0.23355 0.027088
0.18086 0.040061
0.090695 0.038977
0.09292 0.039633
0.24206 0.026601
0.09225 0.039937
0.23946 0.02972
0.091378 0.040266
0.091763 0.040082
0.090739 0.040337
0.25043 0.026352
0.22283 0.034689
0.26011 0.025582
0.084658 0.039202
0.087975 0.040142
0.083922 0.038934
0.25621 0.029464
0.22306 0.038693
0.24627 0.034595
0.052279 0.055546
0.038031 0.052003
0.26752 0.029479
0.21402 0.037361
0.26639 0.031032
0.13691 0.037741
0.031646 0.053314
0.030945 0.054758
0.26446 0.034146
0.031168 0.055621
0.27034 0.032276
0.10712 0.042289
0.032275 0.057325
0.033851 0.059097
0.27687 0.030101
0.20104 0.039321
0.30188 0.023789
0.034329 0.060595
0.033601 0.059711
0.034357 0.060621
0.27584 0.032141
0.066265 0.057661
0.27472 0.03322
0.07112 0.044582
0.034715 0.060799
0.30424 0.028131
0.079392 0.041214
0.31592 0.023505
0.045408 0.061949
0.035662 0.06115
0.035863 0.061219
0.31347 0.027916
0.036176 0.061282
0.2722 0.035474
0.036303 0.061301
0.036172 0.061282
0.036281 0.061298
0.29664 0.031314
0.036749 0.061379
0.33287 0.02206
0.11692 0.042186
0.14955 0.038376
0.057136 0.058795
0.055674 0.058715
0.3469 0.022143
0.32322 0.030207
0.36767 0.020749
0.36239 0.0238
0.32596 0.031584
0.35783 0.027134
0.29144 0.032043
0.33826 0.032156
0.33148 0.032645
0.055235 0.058355
0.058042 0.058934
0.36799 0.034023
0.3627 0.036474
0.24251 0.03991
0.3182 0.038849
0.34368 0.035737
0.29647 0.038896
0.32598 0.038338
0.27733 0.039711
0.27089 0.041319
0.38032 0.021405
0.37773 0.022993
0.39193 0.020201
0.38745 0.022577
0.37586 0.025095
0.39953 0.021187
0.38852 0.025545
0.36338 0.032772
0.37455 0.032297
0.37609 0.033378
0.38602 0.02985
0.33921 0.037653
0.36087 0.039399
0.39052 0.027134
0.39454 0.023843
0.27743 0.039887
0.36628 0.040011
0.38606 0.035548
0.39966 0.026346
0.38182 0.039577
0.3713 0.037171
0.39386 0.035829
0.39672 0.027342
0.37439 0.039785
0.41639 0.020521
0.43543 0.021552
0.49069 0.020866
0.45598 0.024803
0.43785 0.023554
0.49557 0.023473
0.40996 0.023977
0.42169 0.035333
0.53491 0.025878
0.50179 0.029211
0.41456 0.029537
0.42285 0.038334
0.50125 0.03069
0.4896 0.034366
0.40174 0.024496
0.40456 0.02498
0.46846 0.031901
0.44172 0.033442
0.41281 0.032213
0.40784 0.02919
0.4435 0.036625
0.41662 0.039203
0.42846 0.035849
0.54992 0.020731
0.5534 0.023075
0.58269 0.021276
0.5915 0.025087
0.567 0.026456
0.58126 0.029055
0.5772 0.034153
0.58611 0.036113
0.60688 0.034139
0.54718 0.029575
0.52824 0.028765
0.61831 0.038342
0.62662 0.035922
0.51629 0.032874
0.49749 0.035087
0.60746 0.034947
0.55225 0.033917
0.4909 0.03479
0.50678 0.036981
0.53305 0.034998
0.59471 0.022201
0.62142 0.0281
0.61443 0.025974
0.64287 0.036455
0.61417 0.030088
0.84149 0.042322
0.63526 0.037551
0.62014 0.03779
0.59513 0.038746
0.56535 0.033948
0.61998 0.022077
0.89688 0.040729
0.63379 0.023892
0.92231 0.039976
0.88665 0.040576
0.94006 0.040586
0.65108 0.037865
0.72131 0.038786
0.65444 0.037173
0.8276 0.040524
0.9603 0.041498
0.96486 0.042197
0.6433 0.022877
0.96627 0.042318
0.6669 0.035784
0.967 0.042474
0.96656 0.042384
0.96704 0.042479
0.65637 0.028488
0.80103 0.039479
0.66103 0.027989
0.96688 0.042348
0.967 0.042435
0.66183 0.02273
0.96659 0.042229
0.67731 0.036553
0.71386 0.039909
0.96678 0.042302
0.9652 0.041895
0.67991 0.03678
0.75314 0.039493
0.67691 0.028063
0.69545 0.039448
0.96397 0.041716
0.68641 0.037016
0.94127 0.03936
0.68402 0.02508
0.73098 0.037583
0.94804 0.040717
0.92882 0.035912
0.68664 0.023114
0.90016 0.038172
0.69798 0.032051
0.71191 0.0398
0.88008 0.038744
0.8568 0.042349
0.70599 0.033571
0.82807 0.039614
0.70896 0.037634
0.79557 0.040494
0.78827 0.041484
0.70979 0.024829
0.77935 0.040325
0.71622 0.026772
0.7747 0.040574
0.77942 0.040326
0.77777 0.040376
0.72028 0.022903
0.77322 0.040591
0.72945 0.034283
0.78347 0.040812
0.77373 0.040543
0.7785 0.040066
0.73252 0.033035
0.7919 0.04084
0.74012 0.022308
0.753 0.037588
0.78908 0.040965
0.8034 0.037137
0.74806 0.022081
0.75686 0.038916
0.75093 0.033983
0.76058 0.039814
0.82164 0.039005
0.83308 0.037017
0.75744 0.022998
0.76484 0.040151
0.76118 0.035792
0.76993 0.037942
0.84701 0.0419
0.85008 0.041908
0.76501 0.029442
0.78469 0.035053
0.77466 0.031265
0.79027 0.035115
0.85055 0.041284
0.85909 0.040843
0.77546 0.028283
0.80086 0.030842
0.78671 0.024844
0.87012 0.038049
0.86418 0.040971
0.87518 0.034972
0.79589 0.021821
0.81946 0.029465
0.80649 0.024081
0.89816 0.032962
0.81896 0.023204
0.85386 0.032449
0.8398 0.024178
0.86289 0.030833
0.90676 0.032443
0.8556 0.026838
0.93188 0.030773
0.86465 0.026026
0.94565 0.030462
0.93747 0.030667
0.94424 0.030675
0.87538 0.021513
0.90349 0.024724
0.89735 0.022182
0.96026 0.029363
0.95575 0.029139
0.96339 0.029486
0.93197 0.022254
0.93702 0.023455
0.97358 0.022227
0.97631 0.024678
0.96654 0.029814
