345
0.021658 0.023299
0.020642 0.029713
0.048311 0.022354
0.023432 0.02973
0.021911 0.029713
0.02419 0.029714
0.064655 0.021022
0.042138 0.025835
0.072412 0.024369
0.029306 0.029842
0.026739 0.029733
0.095216 0.021603
0.031131 0.02968
0.10593 0.022409
0.033044 0.029418
0.032018 0.029559
0.034931 0.029146
0.11651 0.02167
0.087304 0.028638
0.12172 0.031462
0.059232 0.027923
0.041306 0.028258
0.05227 0.027404
0.13061 0.026684
0.072948 0.02954
0.13594 0.022749
0.092035 0.033332
0.081325 0.03087
0.092296 0.033401
0.14075 0.029731
0.10959 0.038575
0.14886 0.022844
0.13039 0.039487
0.11102 0.039141
0.11504 0.042183
0.15421 0.025215
0.13273 0.04122
0.16206 0.023132
0.15058 0.038568
0.11468 0.042789
0.11477 0.043551
0.16473 0.031897
0.14683 0.04128
0.17038 0.026789
0.14813 0.043008
0.11325 0.044191
0.10895 0.044983
0.17575 0.031152
0.1063 0.045227
0.18244 0.023837
0.15562 0.044929
0.10647 0.045292
0.11176 0.046606
0.18954 0.027859
0.11429 0.046715
0.19247 0.031226
0.17752 0.04321
0.11517 0.046707
0.11873 0.046769
0.19889 0.028788
0.17892 0.047368
0.19517 0.039138
0.12156 0.048783
0.11948 0.047373
0.20915 0.026883
0.12287 0.049746
0.21166 0.033723
0.19449 0.048463
0.12379 0.050272
0.1261 0.051611
0.21668 0.030354
0.12571 0.052174
0.21678 0.035007
0.12512 0.05278
0.12535 0.052405
0.12458 0.052921
0.22265 0.029047
0.21016 0.050594
0.22912 0.028516
0.11938 0.052063
0.12216 0.053025
0.11873 0.051734
0.2286 0.034423
0.21204 0.056906
0.22699 0.042824
0.078895 0.037564
0.053096 0.032028
0.2361 0.034599
0.20748 0.059914
0.23646 0.036803
0.17566 0.058742
0.038368 0.034722
0.036023 0.036429
0.2377 0.040856
0.035871 0.037104
0.24058 0.03974
0.13827 0.056648
0.036814 0.038235
0.038796 0.03966
0.24332 0.039699
0.2039 0.061571
0.25083 0.028218
0.039004 0.043273
0.037983 0.04123
0.039057 0.04334
0.24439 0.044588
0.097491 0.050804
0.24447 0.047123
0.10874 0.056852
0.039931 0.043442
0.2526 0.037059
0.11548 0.057022
0.25769 0.026245
0.069575 0.040056
0.042574 0.043523
0.043067 0.043495
0.25787 0.03375
0.043805 0.043348
0.24435 0.053808
0.044096 0.043258
0.043797 0.043351
0.044048 0.043278
0.25044 0.049483
0.045081 0.042708
0.26856 0.023437
0.14824 0.057239
0.18051 0.060989
0.084499 0.047585
0.083676 0.048044
0.27673 0.023834
0.26912 0.035173
0.291 0.020842
0.28559 0.024941
0.27429 0.037128
0.28679 0.029478
0.24904 0.057692
0.28507 0.037118
0.28056 0.039387
0.082929 0.045404
0.085062 0.048003
0.32305 0.035159
0.33038 0.038538
0.23025 0.058615
0.29765 0.039959
0.32632 0.041305
0.33592 0.042151
0.31662 0.041024
0.34093 0.041079
0.35833 0.039713
0.3477 0.021146
0.33488 0.022998
0.45422 0.02004
0.42016 0.020903
0.32914 0.025379
0.50332 0.020223
0.42903 0.021623
0.3069 0.031698
0.36251 0.030146
0.37737 0.029224
0.4055 0.02504
0.37462 0.034638
0.38342 0.035041
0.44462 0.021597
0.47137 0.020683
0.37638 0.039441
0.39073 0.041655
0.40159 0.028793
0.50405 0.021195
0.39786 0.033371
0.39847 0.041458
0.43306 0.024037
0.48608 0.02131
0.40793 0.031542
0.58545 0.020144
0.62313 0.021149
0.66372 0.021277
0.64136 0.026863
0.62609 0.022875
0.66679 0.024986
0.55841 0.020826
0.59442 0.025484
0.69054 0.027907
0.66227 0.032797
0.57456 0.022229
0.59489 0.027658
0.65924 0.034911
0.63497 0.043038
0.51548 0.020871
0.53017 0.020947
0.62556 0.0388
0.62172 0.031758
0.56574 0.022592
0.54438 0.021859
0.61626 0.038666
0.60357 0.040082
0.6079 0.029229
0.70673 0.021172
0.70908 0.025213
0.72412 0.022701
0.72806 0.030611
0.71183 0.031482
0.7189 0.036082
0.7095 0.041539
0.7128 0.044495
0.73723 0.044135
0.69493 0.032803
0.67996 0.03262
0.74799 0.064481
0.75084 0.066356
0.66648 0.037825
0.64276 0.044189
0.7377 0.045482
0.68668 0.039309
0.63403 0.044372
0.64839 0.045432
0.66843 0.042025
0.7299 0.024541
0.7445 0.0406
0.74073 0.033274
0.75353 0.052704
0.74168 0.041921
0.86731 0.057843
0.75285 0.06596
0.74879 0.065722
0.71938 0.046112
0.69598 0.040597
0.74229 0.025153
0.90975 0.050614
0.7472 0.028815
0.92627 0.048592
0.90269 0.053663
0.93761 0.046914
0.75793 0.054782
0.79782 0.060627
0.75981 0.052971
0.86238 0.057086
0.95571 0.044422
0.95994 0.043969
0.75201 0.025193
0.96158 0.043822
0.76447 0.050482
0.96256 0.043708
0.96193 0.043787
0.96262 0.043691
0.7601 0.034524
0.84989 0.059248
0.76228 0.033428
0.96243 0.043534
0.96259 0.043622
0.76267 0.024584
0.96206 0.043482
0.77159 0.046019
0.79522 0.059526
0.96229 0.043508
0.96051 0.043422
0.77381 0.045958
0.80765 0.059515
0.77224 0.032011
0.78646 0.061989
0.95917 0.0434
0.77992 0.051186
0.93981 0.042859
0.77741 0.028866
0.80122 0.057379
0.94454 0.044065
0.93214 0.041564
0.77899 0.025786
0.91249 0.045162
0.78483 0.042997
0.79411 0.056215
0.89902 0.050868
0.87916 0.05426
0.78936 0.042692
0.8628 0.053159
0.79185 0.04974
0.84683 0.055723
0.84156 0.056023
0.79135 0.028121
0.83556 0.055622
0.79489 0.032271
0.83243 0.055005
0.8356 0.055634
0.83455 0.055338
0.79713 0.025547
0.83082 0.054689
0.80094 0.048757
0.83787 0.053758
0.83143 0.05448
0.83487 0.054081
0.8026 0.046654
0.84435 0.052933
0.80713 0.024578
0.80965 0.050013
0.84199 0.05327
0.85034 0.051819
0.8107 0.023948
0.81152 0.049297
0.80995 0.044727
0.81422 0.047505
0.85936 0.049937
0.86522 0.04932
0.81612 0.024198
0.81919 0.045579
0.81725 0.039763
0.82754 0.043823
0.87321 0.048871
0.87645 0.048046
0.82314 0.031224
0.83767 0.042635
0.83122 0.036998
0.84177 0.042129
0.87703 0.046704
0.8829 0.046181
0.83128 0.032639
0.8481 0.038524
0.838 0.027074
0.893 0.044335
0.88677 0.045616
0.89717 0.04326
0.8449 0.022754
0.85772 0.035088
0.85097 0.027658
0.91157 0.038412
0.85748 0.025134
0.88034 0.035205
0.8698 0.026856
0.88818 0.032861
0.91767 0.036754
0.88197 0.028362
0.93613 0.033717
0.88967 0.027421
0.94812 0.031891
0.94081 0.032698
0.94672 0.031997
0.89772 0.022388
0.91574 0.026611
0.91148 0.02312
0.96034 0.030548
0.95701 0.030877
0.96306 0.030379
0.93666 0.022864
0.94083 0.024131
0.97365 0.022247
0.97635 0.024734
0.96655 0.030273
