345
0.02136 0.024023
0.020605 0.031788
0.039733 0.023511
0.023236 0.031807
0.021802 0.031788
0.023951 0.03179
0.052433 0.021239
0.037317 0.028445
0.06008 0.024626
0.028932 0.032846
0.0264 0.032173
0.084983 0.021093
0.030574 0.0327
0.10948 0.020809
0.032132 0.032364
0.031312 0.032549
0.033566 0.032107
0.13687 0.020749
0.079845 0.027173
0.14864 0.025656
0.05585 0.029787
0.038268 0.031299
0.048417 0.029508
0.16583 0.023485
0.068973 0.030398
0.1757 0.021479
0.088956 0.030478
0.076389 0.029848
0.0892 0.030476
0.18473 0.025073
0.12109 0.027132
0.20072 0.021601
0.16123 0.030244
0.12439 0.027553
0.13193 0.029926
0.20954 0.023619
0.16513 0.031347
0.21849 0.022651
0.19483 0.031218
0.13114 0.030165
0.13116 0.030562
0.2195 0.029555
0.18661 0.032442
0.22812 0.025054
0.18662 0.034065
0.12836 0.03032
0.12001 0.029872
0.23655 0.027544
0.1134 0.029544
0.24625 0.022976
0.18915 0.037104
0.11382 0.02959
0.1257 0.031048
0.25448 0.02623
0.12979 0.032046
0.25741 0.028333
0.22562 0.036913
0.13125 0.032271
0.13657 0.033062
0.26805 0.024412
0.22267 0.038971
0.25488 0.03328
0.13938 0.035029
0.13727 0.033594
0.29431 0.023115
0.14096 0.035826
0.29928 0.027272
0.24019 0.038436
0.14204 0.036188
0.14498 0.036457
0.30739 0.027629
0.14391 0.036643
0.30501 0.03081
0.14254 0.036845
0.14316 0.03674
0.14159 0.036924
0.31417 0.028685
0.28719 0.033728
0.32068 0.027103
0.13529 0.036132
0.13792 0.036999
0.13475 0.035848
0.31814 0.032727
0.28656 0.036701
0.31063 0.038864
0.083043 0.037472
0.052913 0.034462
0.32618 0.030593
0.2774 0.034892
0.32471 0.032709
0.20008 0.037103
0.038698 0.03765
0.037264 0.038818
0.32226 0.037213
0.037705 0.039112
0.32873 0.03263
0.16613 0.03753
0.040113 0.039293
0.043616 0.039219
0.33668 0.028994
0.2627 0.036774
0.36346 0.024195
0.044723 0.03967
0.043028 0.039666
0.044788 0.039666
0.33541 0.030837
0.11276 0.03895
0.33403 0.031898
0.12126 0.036046
0.045616 0.039542
0.36555 0.029221
0.13017 0.03748
0.37506 0.02411
0.069804 0.040707
0.04778 0.039256
0.048232 0.039266
0.37311 0.029454
0.04893 0.039256
0.33066 0.034655
0.049215 0.039247
0.048922 0.039257
0.049166 0.039249
0.36024 0.032038
0.050206 0.039217
0.39101 0.022115
0.18082 0.038571
0.21318 0.038226
0.091653 0.03921
0.089292 0.039448
0.40411 0.022361
0.38114 0.031122
0.42425 0.02073
0.41866 0.023851
0.38392 0.032207
0.41402 0.027381
0.35528 0.031918
0.39671 0.03285
0.38963 0.033025
0.088542 0.039286
0.093096 0.039085
0.42594 0.033731
0.42106 0.036846
0.30709 0.040062
0.37733 0.040565
0.40222 0.037196
0.36503 0.040629
0.38384 0.039101
0.33772 0.036798
0.32855 0.039113
0.43707 0.021508
0.4344 0.023104
0.44687 0.020268
0.44345 0.023168
0.43237 0.025174
0.45195 0.021713
0.44432 0.026989
0.42073 0.032949
0.43222 0.032409
0.43457 0.03381
0.44275 0.031787
0.3984 0.038781
0.41973 0.039205
0.44586 0.029333
0.44866 0.02528
0.33789 0.036891
0.42623 0.03947
0.44581 0.039437
0.45204 0.029163
0.44437 0.042174
0.43077 0.036927
0.4504 0.042084
0.45008 0.030338
0.43595 0.040119
0.46369 0.020655
0.48025 0.022124
0.5045 0.021952
0.49191 0.031399
0.48214 0.025179
0.50649 0.027249
0.45899 0.025362
0.46836 0.038413
0.53298 0.027484
0.50912 0.037417
0.46193 0.032251
0.46987 0.04053
0.50834 0.040565
0.50379 0.051092
0.45344 0.026548
0.45533 0.027203
0.49852 0.051877
0.48837 0.044464
0.46001 0.036046
0.45736 0.032755
0.49175 0.050915
0.46121 0.042131
0.47636 0.039697
0.54451 0.020971
0.54741 0.024201
0.56803 0.021692
0.57498 0.026293
0.55683 0.029201
0.56706 0.032263
0.56109 0.040111
0.56757 0.041717
0.58788 0.037202
0.54181 0.032417
0.5271 0.031575
0.59801 0.041891
0.60494 0.040349
0.51816 0.039248
0.50601 0.049834
0.58842 0.0382
0.54375 0.038934
0.50414 0.051286
0.51063 0.04882
0.52955 0.039808
0.5778 0.02263
0.60023 0.030378
0.59426 0.027226
0.61631 0.038091
0.59417 0.032162
0.82718 0.039828
0.61001 0.041768
0.59986 0.042041
0.57395 0.042387
0.55316 0.039677
0.59889 0.022648
0.89327 0.038327
0.60942 0.024865
0.9207 0.03838
0.87753 0.037487
0.93726 0.039539
0.62232 0.037406
0.69438 0.038162
0.6261 0.036975
0.809 0.038658
0.95642 0.040188
0.96115 0.040181
0.61764 0.023026
0.96309 0.040115
0.63735 0.036506
0.96398 0.040128
0.96345 0.040124
0.96403 0.040125
0.63139 0.028689
0.79091 0.037383
0.63557 0.02828
0.96384 0.040054
0.96399 0.0401
0.63628 0.022838
0.9635 0.040002
0.64774 0.036596
0.68717 0.038643
0.96372 0.040032
0.96165 0.039913
0.65058 0.036637
0.72999 0.03785
0.65059 0.028111
0.66729 0.038215
0.96008 0.039938
0.65844 0.037005
0.93838 0.038791
0.65786 0.025079
0.70276 0.03736
0.9447 0.04013
0.92649 0.035032
0.66051 0.023141
0.89713 0.036424
0.67114 0.031819
0.6847 0.038223
0.87025 0.036806
0.84555 0.03802
0.67933 0.032338
0.80974 0.037853
0.68164 0.036106
0.78108 0.035814
0.76746 0.037535
0.68423 0.024446
0.75673 0.038857
0.69165 0.026496
0.75256 0.039715
0.75679 0.038845
0.75531 0.039179
0.69563 0.022815
0.75124 0.03976
0.70246 0.034346
0.76076 0.038396
0.75169 0.039719
0.75595 0.038806
0.70613 0.032817
0.77318 0.035925
0.71589 0.022159
0.73001 0.036887
0.76866 0.036861
0.79162 0.036392
0.72419 0.02197
0.73476 0.037901
0.7272 0.033327
0.73906 0.038788
0.80349 0.039356
0.81668 0.034585
0.73432 0.022848
0.74373 0.039494
0.73919 0.035448
0.74808 0.037825
0.83292 0.039357
0.83639 0.038822
0.74215 0.029339
0.76236 0.033136
0.75188 0.03094
0.76994 0.031965
0.83686 0.03822
0.84881 0.037
0.75263 0.027988
0.78477 0.028908
0.76493 0.024126
0.86093 0.036688
0.85579 0.037663
0.86558 0.034203
0.77666 0.021438
0.80168 0.029533
0.78973 0.023863
0.89278 0.031338
0.80114 0.023244
0.84054 0.030189
0.82466 0.023658
0.85222 0.029199
0.90201 0.031465
0.8428 0.025542
0.92855 0.030161
0.85431 0.025221
0.94283 0.030175
0.93424 0.030219
0.94144 0.030359
0.86555 0.021433
0.89805 0.024252
0.89102 0.021874
0.95746 0.028787
0.95295 0.028855
0.96079 0.028702
0.92846 0.022124
0.93368 0.023304
0.9726 0.021934
0.97575 0.024063
0.9645 0.028796
