345
0.020686 0.028105
0.021035 0.056386
0.030657 0.027129
0.02555 0.056536
0.023082 0.056386
0.02676 0.056399
0.035947 0.022824
0.037082 0.038152
0.042373 0.031218
0.03539 0.057486
0.030903 0.056542
0.04957 0.022946
0.038453 0.057476
0.055767 0.023691
0.041842 0.057866
0.040024 0.057656
0.044882 0.057799
0.063012 0.021987
0.058807 0.039636
0.071553 0.03146
0.061411 0.053777
0.051802 0.055779
0.058282 0.05451
0.078132 0.025715
0.066238 0.052476
0.084945 0.022344
0.071821 0.051703
0.068765 0.052066
0.071904 0.051694
0.090826 0.028255
0.079155 0.051571
0.099787 0.022496
0.095021 0.037498
0.080055 0.051762
0.086084 0.055534
0.10606 0.024617
0.10035 0.040163
0.1146 0.022835
0.10979 0.036811
0.086597 0.057246
0.08793 0.059173
0.11833 0.030929
0.10967 0.039786
0.12389 0.026248
0.11281 0.042985
0.087066 0.06186
0.085047 0.065866
0.12972 0.030451
0.083949 0.067549
0.13668 0.0236
0.11931 0.045603
0.084071 0.067564
0.087949 0.067434
0.14418 0.027285
0.090984 0.067059
0.14754 0.030397
0.13615 0.042679
0.092271 0.066849
0.098176 0.065645
0.15454 0.028047
0.13896 0.047116
0.15227 0.037608
0.10388 0.0656
0.099704 0.066015
0.16562 0.026277
0.10659 0.065594
0.16886 0.032455
0.15349 0.047224
0.10822 0.065393
0.11134 0.065326
0.17402 0.029537
0.1113 0.066547
0.17471 0.033862
0.111 0.067969
0.11106 0.067239
0.11044 0.068635
0.18047 0.028919
0.16958 0.047992
0.18673 0.028846
0.10115 0.073401
0.1063 0.071216
0.10006 0.073768
0.1866 0.034925
0.17065 0.053917
0.18591 0.04372
0.068856 0.076743
0.056826 0.076823
0.1933 0.035736
0.16182 0.058507
0.19369 0.038129
0.14318 0.06325
0.04369 0.078756
0.03794 0.07972
0.19491 0.042801
0.036225 0.080235
0.19757 0.041583
0.12326 0.07198
0.033427 0.08167
0.029536 0.085507
0.20016 0.041677
0.15813 0.06256
0.20663 0.02952
0.025175 0.099979
0.027305 0.090433
0.025111 0.10047
0.20124 0.047076
0.077754 0.080876
0.20133 0.049785
0.08924 0.080546
0.025027 0.10219
0.20859 0.040128
0.096296 0.080171
0.2124 0.027916
0.04837 0.08447
0.025066 0.1057
0.025117 0.10604
0.21288 0.03746
0.025253 0.10579
0.20097 0.056838
0.025324 0.10546
0.025251 0.1058
0.02531 0.10555
0.20722 0.053495
0.02582 0.10272
0.22032 0.025077
0.12818 0.074961
0.14729 0.069018
0.049645 0.087829
0.047003 0.089264
0.22549 0.026234
0.22107 0.042733
0.2338 0.021481
0.23076 0.02859
0.22441 0.047887
0.23126 0.036566
0.20458 0.061387
0.23008 0.051248
0.2277 0.05454
0.053393 0.086195
0.049821 0.087981
0.25468 0.034758
0.26448 0.036357
0.19209 0.066292
0.23551 0.059193
0.25731 0.039988
0.27223 0.041044
0.24393 0.05252
0.27687 0.040899
0.28998 0.042002
0.28319 0.021171
0.27041 0.02274
0.43294 0.020109
0.38766 0.020941
0.26358 0.024759
0.47876 0.020805
0.3953 0.022156
0.24138 0.037863
0.29736 0.029277
0.31708 0.026102
0.36829 0.023073
0.30791 0.030866
0.31938 0.029085
0.41539 0.02311
0.45266 0.023111
0.30417 0.035621
0.31423 0.034766
0.36185 0.025004
0.47946 0.024285
0.35124 0.026631
0.33464 0.030368
0.39991 0.026021
0.45655 0.025086
0.37217 0.027485
0.59419 0.020138
0.65264 0.020577
0.73239 0.021168
0.69969 0.023099
0.65835 0.021343
0.73547 0.024828
0.57125 0.022033
0.6068 0.023605
0.75453 0.031781
0.73177 0.031515
0.58444 0.023128
0.60753 0.024977
0.72931 0.032914
0.70804 0.032727
0.52116 0.023351
0.54529 0.023896
0.67983 0.027343
0.65633 0.025944
0.5747 0.025555
0.55272 0.026008
0.69063 0.031489
0.68147 0.031447
0.6291 0.025844
0.7667 0.02127
0.76919 0.025319
0.78361 0.023342
0.78624 0.034037
0.77199 0.031305
0.77942 0.038117
0.76879 0.041748
0.773 0.045449
0.79084 0.053992
0.75702 0.038676
0.74786 0.036595
0.8198 0.057963
0.838 0.063059
0.73779 0.037688
0.71721 0.037083
0.79113 0.055843
0.75269 0.049005
0.71324 0.038856
0.72487 0.043663
0.74146 0.045545
0.78783 0.026152
0.79668 0.046511
0.79472 0.037843
0.80911 0.050652
0.7941 0.049228
0.91498 0.077711
0.84159 0.064072
0.82733 0.059995
0.78046 0.054735
0.75698 0.051062
0.79666 0.026845
0.94725 0.080079
0.80041 0.031101
0.96381 0.085567
0.94225 0.079346
0.96767 0.08871
0.81904 0.050378
0.87295 0.071989
0.81922 0.049166
0.91258 0.07513
0.97277 0.095681
0.97394 0.097923
0.80441 0.026108
0.97441 0.098849
0.82228 0.047073
0.9747 0.098961
0.97451 0.09899
0.97473 0.098839
0.8124 0.034789
0.90645 0.073186
0.81461 0.03332
0.97476 0.096741
0.97475 0.097962
0.81424 0.024583
0.97469 0.095855
0.8283 0.042664
0.86807 0.064292
0.97474 0.096365
0.97435 0.093724
0.83092 0.042088
0.88064 0.068135
0.82508 0.030689
0.85828 0.05768
0.97406 0.092344
0.84038 0.044937
0.96399 0.078139
0.83037 0.027514
0.87426 0.062071
0.96987 0.083573
0.9547 0.074866
0.83232 0.024833
0.94499 0.073053
0.84349 0.038026
0.85996 0.050116
0.9375 0.071983
0.92106 0.069544
0.84908 0.037373
0.9123 0.06771
0.85469 0.042112
0.9036 0.065525
0.90014 0.064348
0.8477 0.026343
0.89662 0.062458
0.8534 0.02929
0.8954 0.06068
0.89664 0.06249
0.89626 0.061726
0.85539 0.024175
0.89484 0.059742
0.86637 0.040394
0.89925 0.059659
0.89529 0.059478
0.89732 0.059532
0.86888 0.037443
0.90354 0.05993
0.86932 0.022933
0.88367 0.045704
0.90202 0.059795
0.90716 0.060484
0.87549 0.022333
0.88645 0.044954
0.88244 0.03518
0.88969 0.042696
0.91188 0.061179
0.91466 0.061948
0.88514 0.022519
0.89407 0.041566
0.89217 0.032894
0.89988 0.041767
0.91912 0.06205
0.92171 0.061129
0.89692 0.027773
0.9061 0.04294
0.90575 0.033788
0.90894 0.043297
0.92334 0.059164
0.92793 0.059418
0.90711 0.030187
0.9164 0.040011
0.91513 0.026333
0.93585 0.060002
0.93108 0.059546
0.93874 0.060344
0.92243 0.022755
0.92567 0.038409
0.92805 0.02846
0.94756 0.060113
0.93371 0.026347
0.93755 0.043873
0.94203 0.030137
0.94461 0.042234
0.95075 0.059944
0.94698 0.034195
0.9595 0.060947
0.95177 0.034058
0.96587 0.060526
0.96227 0.060324
0.96522 0.060428
0.95894 0.025244
0.96209 0.03977
0.96443 0.028821
0.97165 0.059882
0.97014 0.06014
0.97283 0.059798
0.97101 0.03208
0.97079 0.038157
0.97875 0.031798
0.97905 0.043376
0.97431 0.059822
