345
0.021445 0.023786
0.020636 0.031095
0.040973 0.023207
0.023402 0.031112
0.021894 0.031095
0.024153 0.031097
0.055286 0.021128
0.038399 0.027768
0.063549 0.024292
0.029323 0.032091
0.02671 0.031457
0.090628 0.021009
0.031047 0.031929
0.11574 0.020813
0.032701 0.031558
0.031829 0.031759
0.034226 0.03127
0.14286 0.020788
0.085244 0.026584
0.15375 0.026016
0.059127 0.028988
0.039253 0.030371
0.050771 0.028465
0.17053 0.023443
0.073033 0.029579
0.18057 0.021443
0.094919 0.029982
0.081111 0.029011
0.095178 0.030001
0.18991 0.024919
0.1273 0.027136
0.20642 0.021545
0.16587 0.030322
0.13061 0.02756
0.13825 0.030295
0.21557 0.023492
0.16985 0.031243
0.22484 0.022567
0.2003 0.030855
0.1375 0.030519
0.1376 0.030934
0.22588 0.029258
0.19184 0.03206
0.23475 0.024927
0.19186 0.033633
0.13474 0.030571
0.12629 0.02988
0.24338 0.027457
0.11969 0.029572
0.25307 0.022994
0.19447 0.036585
0.12013 0.029617
0.1322 0.031192
0.26126 0.026427
0.13653 0.03243
0.26409 0.028687
0.23218 0.036442
0.13805 0.032727
0.14323 0.033775
0.27401 0.024793
0.22914 0.038405
0.26163 0.033721
0.14595 0.035992
0.14391 0.034368
0.29718 0.023456
0.14746 0.036925
0.30134 0.027639
0.24703 0.038333
0.14848 0.03737
0.15113 0.037771
0.30996 0.027077
0.15021 0.037959
0.30736 0.030596
0.14901 0.038108
0.14955 0.038026
0.14817 0.038144
0.31734 0.027592
0.29055 0.035932
0.32534 0.026023
0.14273 0.037001
0.14502 0.038043
0.14222 0.036673
0.32224 0.030931
0.28971 0.039326
0.31218 0.036965
0.089157 0.036067
0.055787 0.033224
0.33174 0.02958
0.28231 0.036706
0.32997 0.03112
0.20575 0.036512
0.038869 0.036234
0.037288 0.037385
0.32687 0.034584
0.037692 0.037638
0.33473 0.032097
0.171 0.0373
0.04006 0.037692
0.044314 0.037417
0.34254 0.029955
0.26898 0.037807
0.3662 0.024007
0.045619 0.037737
0.043537 0.037842
0.045699 0.03773
0.34159 0.031739
0.12083 0.038946
0.34049 0.03259
0.12862 0.036053
0.046729 0.037581
0.36843 0.028579
0.13809 0.03816
0.37877 0.024023
0.073734 0.038801
0.049413 0.037193
0.049966 0.037174
0.3765 0.029093
0.050826 0.037143
0.33711 0.034587
0.051176 0.037143
0.050815 0.037143
0.051116 0.037143
0.36234 0.032096
0.052395 0.03722
0.39378 0.022283
0.1859 0.038053
0.21934 0.037614
0.099436 0.038598
0.096691 0.038574
0.40627 0.022465
0.38479 0.03145
0.42518 0.020766
0.41978 0.02412
0.3873 0.032785
0.41575 0.027866
0.35725 0.032905
0.39834 0.033642
0.39222 0.034177
0.095778 0.038377
0.10124 0.038561
0.42596 0.034086
0.42011 0.038271
0.30794 0.039066
0.38218 0.040466
0.40254 0.038087
0.36621 0.039809
0.38729 0.040012
0.34343 0.038752
0.33451 0.038186
0.43823 0.021344
0.4353 0.022856
0.4502 0.02022
0.44603 0.022658
0.43308 0.024876
0.45629 0.021383
0.44709 0.025861
0.42082 0.033961
0.43262 0.031755
0.43505 0.032754
0.4451 0.029855
0.39846 0.039801
0.41784 0.040137
0.44897 0.027709
0.45237 0.02432
0.34356 0.038877
0.42495 0.039552
0.44875 0.036172
0.45639 0.027392
0.44685 0.038458
0.43034 0.036414
0.45465 0.03774
0.4541 0.028407
0.43615 0.038423
0.47134 0.020502
0.49142 0.021856
0.5279 0.021188
0.50623 0.027533
0.4936 0.024355
0.53119 0.024511
0.46516 0.024192
0.47763 0.034753
0.56416 0.027234
0.53674 0.03121
0.46896 0.029396
0.47972 0.036615
0.53584 0.033096
0.52876 0.038054
0.45795 0.025253
0.46033 0.025729
0.51789 0.037628
0.49978 0.037903
0.46648 0.032507
0.46296 0.030056
0.50461 0.039445
0.46815 0.036861
0.48698 0.036769
0.57622 0.020967
0.57918 0.024292
0.59964 0.021515
0.60801 0.025764
0.58793 0.029291
0.59832 0.031034
0.59014 0.040001
0.59745 0.039306
0.62109 0.037361
0.57346 0.032047
0.55823 0.03108
0.63056 0.039942
0.64081 0.038734
0.55029 0.036237
0.53276 0.037861
0.6216 0.038297
0.57542 0.038618
0.52942 0.038216
0.54086 0.039119
0.56054 0.039106
0.61098 0.022441
0.63364 0.02978
0.62692 0.026972
0.65394 0.039136
0.62677 0.031761
0.8335 0.041853
0.64786 0.040602
0.63343 0.040038
0.60699 0.03934
0.58429 0.039962
0.6321 0.022495
0.88452 0.040814
0.64362 0.024684
0.91053 0.038371
0.87372 0.043228
0.9272 0.038298
0.65857 0.040087
0.72227 0.040032
0.66178 0.040346
0.81747 0.041315
0.95286 0.035909
0.95967 0.036652
0.65207 0.023289
0.96177 0.036855
0.66963 0.039957
0.96273 0.036985
0.96216 0.03691
0.96279 0.03699
0.66361 0.030758
0.80192 0.040424
0.6668 0.030121
0.96258 0.036903
0.96274 0.036963
0.66729 0.023461
0.9622 0.036813
0.67761 0.039111
0.71547 0.039711
0.96245 0.036869
0.96019 0.036494
0.67983 0.038842
0.74848 0.042758
0.67919 0.029218
0.69698 0.039118
0.95828 0.03629
0.68753 0.038388
0.92846 0.037418
0.68572 0.025565
0.72922 0.041203
0.93559 0.037108
0.91705 0.034994
0.68818 0.023392
0.88838 0.037345
0.69917 0.032817
0.71302 0.039452
0.86891 0.042364
0.85081 0.041399
0.7066 0.033266
0.81795 0.040425
0.70956 0.037356
0.79327 0.039631
0.78385 0.041555
0.71021 0.024736
0.77431 0.039865
0.71752 0.026865
0.76937 0.039459
0.77439 0.039875
0.77264 0.039689
0.72138 0.023089
0.76786 0.039702
0.72845 0.037388
0.77871 0.040757
0.76837 0.039584
0.77334 0.039536
0.73096 0.036248
0.78768 0.040643
0.73773 0.02292
0.74839 0.041951
0.78457 0.041096
0.80233 0.039265
0.74352 0.022701
0.75208 0.041926
0.74592 0.038223
0.75538 0.041778
0.8131 0.042158
0.82338 0.036785
0.75112 0.023667
0.75914 0.04135
0.75522 0.038507
0.76396 0.038567
0.83899 0.041349
0.84226 0.041062
0.7571 0.030678
0.77866 0.035117
0.76709 0.030783
0.78423 0.035219
0.84259 0.04056
0.85321 0.040809
0.76773 0.027826
0.79476 0.030838
0.77949 0.024886
0.86296 0.041939
0.85927 0.042678
0.86538 0.038928
0.7884 0.02184
0.80955 0.030942
0.79905 0.024566
0.88476 0.032661
0.80898 0.023722
0.84412 0.031719
0.82934 0.02414
0.85368 0.031479
0.89346 0.031862
0.84589 0.026466
0.91993 0.030097
0.85515 0.026655
0.93478 0.028776
0.92571 0.029809
0.93311 0.029112
0.86383 0.021895
0.89008 0.024396
0.88318 0.022148
0.9539 0.026986
0.94795 0.026775
0.95829 0.027124
0.91999 0.02211
0.92527 0.023185
0.97166 0.021714
0.97521 0.023601
0.96251 0.027424
