345
0.021892 0.022891
0.020732 0.028512
0.052306 0.022083
0.023916 0.028527
0.022181 0.028512
0.024782 0.028513
0.068912 0.021125
0.045243 0.025113
0.075746 0.024695
0.030619 0.028626
0.02769 0.028529
0.099425 0.021427
0.032702 0.028488
0.11195 0.022037
0.034884 0.028256
0.033714 0.028381
0.037038 0.028017
0.12454 0.021381
0.090869 0.027976
0.13087 0.029391
0.06413 0.02815
0.044292 0.027236
0.056835 0.026917
0.14183 0.025502
0.076216 0.0302
0.14827 0.022284
0.095792 0.032063
0.084291 0.030669
0.096076 0.03211
0.15401 0.028155
0.11603 0.03557
0.16365 0.022415
0.14075 0.036021
0.1177 0.036002
0.12234 0.038435
0.16992 0.024473
0.14338 0.037521
0.17899 0.02271
0.16509 0.035811
0.1219 0.038964
0.12197 0.039615
0.18201 0.0303
0.16036 0.037986
0.18858 0.025861
0.1618 0.039448
0.12017 0.040218
0.11506 0.041038
0.19481 0.029603
0.11192 0.041357
0.20263 0.023326
0.17067 0.041294
0.11212 0.041404
0.11833 0.042342
0.21076 0.02695
0.12131 0.042362
0.21409 0.03003
0.19664 0.039924
0.12232 0.042329
0.12644 0.042278
0.22117 0.027998
0.19825 0.043384
0.21732 0.03725
0.12963 0.043953
0.12728 0.042781
0.23229 0.026362
0.13108 0.044764
0.23513 0.032685
0.21682 0.045375
0.13212 0.045205
0.13472 0.046332
0.24042 0.029542
0.13424 0.046829
0.24069 0.033828
0.13354 0.047372
0.13382 0.047039
0.13292 0.047506
0.24691 0.028277
0.23416 0.048321
0.25403 0.027724
0.12696 0.046867
0.13014 0.047647
0.12622 0.046595
0.25353 0.03309
0.23679 0.054214
0.25196 0.040745
0.080161 0.037843
0.057929 0.031375
0.26189 0.033145
0.23197 0.05687
0.26238 0.035125
0.19347 0.052796
0.041009 0.032903
0.03835 0.034401
0.26399 0.03872
0.038184 0.034993
0.26737 0.037771
0.14888 0.050471
0.039281 0.035983
0.041594 0.037231
0.27067 0.037837
0.22793 0.058013
0.27813 0.027796
0.04191 0.040339
0.040671 0.03862
0.041976 0.040393
0.27247 0.041802
0.10139 0.046526
0.27282 0.043761
0.11462 0.051183
0.043039 0.040471
0.28113 0.036568
0.12252 0.051235
0.28516 0.026363
0.072487 0.042
0.046273 0.04052
0.046875 0.040495
0.28595 0.034096
0.047771 0.040375
0.27308 0.048886
0.048122 0.040302
0.04776 0.040377
0.048063 0.040318
0.28052 0.04639
0.049291 0.039866
0.29515 0.023775
0.16116 0.051025
0.19925 0.054646
0.085182 0.045201
0.084055 0.045742
0.30255 0.024297
0.29645 0.036723
0.31496 0.020939
0.31041 0.025629
0.30141 0.039118
0.31145 0.030788
0.27887 0.052334
0.31053 0.039546
0.30708 0.041873
0.083554 0.043831
0.085837 0.045405
0.34759 0.03355
0.35631 0.036385
0.25602 0.05448
0.32029 0.041034
0.35101 0.038817
0.36327 0.039904
0.33993 0.039238
0.36924 0.039716
0.38664 0.040518
0.37531 0.021126
0.36167 0.022699
0.46484 0.020053
0.43985 0.021287
0.35513 0.024746
0.50317 0.020272
0.44616 0.022242
0.33044 0.03109
0.38964 0.030729
0.40385 0.029237
0.42976 0.02682
0.40086 0.034872
0.41072 0.034945
0.4577 0.02215
0.47784 0.020891
0.40248 0.039602
0.42157 0.042544
0.427 0.031284
0.50378 0.021454
0.42575 0.036367
0.42922 0.045026
0.44915 0.025525
0.48932 0.021656
0.43262 0.036108
0.56744 0.020203
0.59867 0.021288
0.63823 0.021194
0.61479 0.027146
0.60124 0.023255
0.64152 0.024694
0.5477 0.021082
0.57372 0.027391
0.6641 0.029351
0.63677 0.031976
0.55973 0.023088
0.57405 0.030278
0.63344 0.033985
0.60705 0.044403
0.51331 0.021051
0.52536 0.021164
0.60023 0.041093
0.59734 0.033074
0.55329 0.023481
0.53683 0.022352
0.59135 0.040398
0.57602 0.043391
0.58453 0.030524
0.67797 0.021306
0.68013 0.025763
0.69399 0.022853
0.69767 0.031027
0.68236 0.032599
0.68847 0.037292
0.67856 0.043432
0.68146 0.046113
0.70483 0.044326
0.66743 0.035148
0.65566 0.033611
0.71004 0.060448
0.71315 0.060022
0.64184 0.036772
0.61381 0.044026
0.70509 0.045689
0.6617 0.042176
0.6062 0.045568
0.61995 0.043877
0.64463 0.040648
0.69953 0.024679
0.71259 0.03953
0.70982 0.032871
0.72136 0.048397
0.70946 0.041268
0.8512 0.052362
0.71609 0.058887
0.71063 0.060775
0.6879 0.047557
0.66766 0.043691
0.71191 0.024933
0.89931 0.04759
0.71713 0.028152
0.91761 0.045119
0.89157 0.05043
0.93056 0.043234
0.72703 0.049973
0.77196 0.054323
0.72986 0.048831
0.84542 0.051987
0.95156 0.040798
0.95649 0.040377
0.72249 0.024688
0.95841 0.040238
0.7357 0.047928
0.95955 0.040133
0.95881 0.040206
0.95963 0.040118
0.7314 0.033204
0.83108 0.054992
0.7339 0.032333
0.9594 0.039985
0.95958 0.040059
0.73446 0.024221
0.95896 0.039943
0.74314 0.045093
0.76818 0.053517
0.95924 0.039964
0.95716 0.039903
0.74529 0.04515
0.78455 0.05425
0.74443 0.031515
0.75504 0.058101
0.95559 0.039895
0.75075 0.049896
0.933 0.039678
0.74983 0.028481
0.77664 0.051826
0.93851 0.040646
0.92414 0.0387
0.75146 0.025509
0.90214 0.042608
0.75667 0.041306
0.76691 0.050956
0.8875 0.047914
0.86519 0.049453
0.76191 0.040493
0.8459 0.048591
0.76461 0.045994
0.82765 0.052093
0.82182 0.052674
0.76483 0.027304
0.81525 0.052483
0.76879 0.030907
0.81184 0.051899
0.8153 0.052494
0.81414 0.052225
0.77136 0.024905
0.81007 0.051574
0.77608 0.044776
0.81779 0.05075
0.81074 0.0514
0.81451 0.051081
0.77802 0.043082
0.8249 0.049737
0.78275 0.024006
0.78634 0.046178
0.82229 0.050158
0.83159 0.048362
0.78685 0.023457
0.78845 0.045643
0.7865 0.041602
0.79145 0.044203
0.84184 0.046058
0.84863 0.045182
0.79305 0.023706
0.79701 0.042758
0.79463 0.037495
0.80626 0.041601
0.85805 0.044564
0.86183 0.043941
0.80098 0.030084
0.8173 0.040617
0.81005 0.03548
0.82176 0.040071
0.86245 0.042824
0.86932 0.042752
0.80997 0.031511
0.82865 0.036638
0.81725 0.026442
0.88058 0.041845
0.8737 0.042556
0.88514 0.040993
0.82484 0.022488
0.83938 0.033251
0.83158 0.026841
0.90087 0.036527
0.83892 0.024513
0.86582 0.033099
0.85318 0.025859
0.87472 0.031364
0.90758 0.034928
0.86751 0.027235
0.92853 0.031837
0.87628 0.026589
0.94243 0.030167
0.93392 0.030918
0.9408 0.030268
0.8852 0.022154
0.90521 0.025908
0.90046 0.022801
0.95676 0.028956
0.95285 0.029249
0.95996 0.028803
0.92907 0.022471
0.93389 0.023552
0.97249 0.0219
0.97569 0.024002
0.96409 0.0287
