345
0.021247 0.024389
0.020544 0.03286
0.038088 0.023611
0.022907 0.03288
0.021619 0.03286
0.023549 0.032862
0.051238 0.021179
0.035874 0.028819
0.059251 0.02435
0.027957 0.034014
0.025731 0.03328
0.086602 0.020953
0.029432 0.03384
0.11325 0.020829
0.030859 0.033346
0.030106 0.033618
0.032177 0.03295
0.13909 0.020835
0.080622 0.026388
0.14923 0.026652
0.054818 0.029262
0.03654 0.031728
0.047029 0.029219
0.16438 0.02373
0.068852 0.029642
0.17392 0.021518
0.091241 0.029009
0.076859 0.028893
0.091525 0.029011
0.18278 0.025124
0.1244 0.027557
0.19878 0.021614
0.15994 0.031296
0.12748 0.028076
0.13449 0.030814
0.20744 0.023683
0.16371 0.0322
0.21622 0.022704
0.19288 0.031249
0.13375 0.031033
0.13374 0.031463
0.21721 0.029748
0.18465 0.032527
0.22565 0.025158
0.18467 0.034161
0.13114 0.03114
0.12339 0.030428
0.23391 0.027855
0.11712 0.029902
0.24307 0.023227
0.1872 0.037145
0.11755 0.029962
0.1286 0.031849
0.25047 0.026979
0.13237 0.032996
0.2531 0.029424
0.2232 0.037259
0.13372 0.033318
0.13869 0.034536
0.26236 0.025162
0.22031 0.039357
0.25083 0.034897
0.14125 0.036946
0.13933 0.035178
0.285 0.02359
0.1426 0.037973
0.28932 0.028181
0.23747 0.039498
0.14352 0.038474
0.14602 0.039031
0.29646 0.027846
0.14511 0.039153
0.29429 0.03141
0.14393 0.039266
0.14446 0.0392
0.14311 0.039272
0.3037 0.028333
0.27952 0.035722
0.31083 0.02721
0.13734 0.037835
0.13983 0.03903
0.13684 0.037476
0.30881 0.032524
0.2795 0.039156
0.3014 0.038169
0.084764 0.035332
0.051421 0.033752
0.31647 0.031649
0.27077 0.037379
0.31579 0.033757
0.19814 0.037241
0.03616 0.038272
0.034775 0.03966
0.31495 0.038198
0.035125 0.039924
0.31915 0.034418
0.16467 0.038726
0.037196 0.039794
0.040744 0.039254
0.32467 0.030899
0.25789 0.039302
0.34873 0.024047
0.041919 0.039557
0.040024 0.03978
0.041992 0.039545
0.32389 0.033122
0.11618 0.039598
0.323 0.034345
0.12393 0.036955
0.042931 0.039312
0.35108 0.028869
0.13237 0.03885
0.36119 0.024142
0.069751 0.039198
0.045371 0.03875
0.045871 0.038702
0.35928 0.029234
0.046646 0.038604
0.32103 0.037197
0.046962 0.038558
0.046636 0.038605
0.046908 0.038567
0.34497 0.031902
0.048062 0.038406
0.37565 0.022263
0.17887 0.038891
0.21101 0.038591
0.095226 0.036896
0.092396 0.036777
0.38888 0.022347
0.36719 0.032011
0.40797 0.020793
0.40289 0.024134
0.36957 0.033239
0.39871 0.027784
0.34011 0.032572
0.38111 0.033113
0.37421 0.033993
0.09148 0.036589
0.096958 0.036999
0.40949 0.034894
0.40543 0.038245
0.29749 0.040246
0.36438 0.042004
0.38694 0.03703
0.3487 0.039883
0.3698 0.04071
0.32605 0.040386
0.32054 0.042863
0.41998 0.021524
0.41743 0.023232
0.43022 0.020242
0.42629 0.022968
0.41552 0.025475
0.43622 0.02149
0.42724 0.026484
0.40496 0.034005
0.41508 0.033158
0.41703 0.034395
0.42526 0.031153
0.38269 0.038905
0.40447 0.04085
0.42901 0.028519
0.43233 0.024695
0.32616 0.040506
0.40968 0.041261
0.42736 0.037847
0.43632 0.027968
0.42497 0.041189
0.41343 0.038106
0.4336 0.039537
0.43402 0.029072
0.41734 0.040886
0.44922 0.020639
0.46535 0.02206
0.49487 0.021537
0.47825 0.029353
0.46727 0.024922
0.49744 0.025785
0.44429 0.025005
0.45467 0.038569
0.5261 0.0282
0.50054 0.034141
0.44784 0.031795
0.45634 0.040996
0.49958 0.036611
0.49381 0.044832
0.43794 0.025719
0.44011 0.026428
0.48741 0.045037
0.47502 0.041266
0.44634 0.035227
0.44265 0.031696
0.47928 0.045803
0.44874 0.041663
0.4624 0.039627
0.53638 0.021026
0.53907 0.024339
0.56132 0.021407
0.57025 0.024921
0.54885 0.02867
0.55966 0.03033
0.55077 0.038196
0.55769 0.038464
0.58513 0.034547
0.5335 0.033411
0.52085 0.031793
0.59557 0.038991
0.60423 0.037175
0.51106 0.037203
0.49659 0.044075
0.58558 0.035431
0.53422 0.040251
0.49425 0.04504
0.50211 0.043824
0.52259 0.040862
0.57389 0.022095
0.60027 0.028866
0.59347 0.026254
0.61881 0.035804
0.59304 0.030524
0.83167 0.039251
0.61046 0.038289
0.59759 0.03906
0.56652 0.037847
0.54264 0.039591
0.59876 0.022269
0.88863 0.039195
0.6113 0.024071
0.9176 0.037612
0.87522 0.04062
0.93502 0.038891
0.62582 0.036052
0.69941 0.039013
0.62979 0.036166
0.81365 0.038816
0.9551 0.039214
0.96007 0.039167
0.62117 0.022686
0.96212 0.039087
0.64158 0.036205
0.96306 0.039091
0.9625 0.039092
0.96312 0.039088
0.63555 0.028491
0.79541 0.036333
0.63983 0.028118
0.96291 0.039022
0.96307 0.039065
0.64056 0.022784
0.96255 0.038975
0.65216 0.036418
0.69223 0.038772
0.96279 0.039003
0.9606 0.038907
0.65502 0.036443
0.73223 0.038486
0.65505 0.028017
0.67211 0.037726
0.95894 0.038944
0.663 0.036673
0.93619 0.038148
0.66241 0.024983
0.70715 0.039003
0.94281 0.039324
0.92387 0.034509
0.66514 0.023073
0.89245 0.036787
0.67605 0.031559
0.68978 0.03821
0.86954 0.040788
0.84983 0.040747
0.68443 0.032226
0.8143 0.038022
0.68673 0.036017
0.78452 0.03497
0.77019 0.036921
0.68931 0.024439
0.75899 0.038379
0.6967 0.026699
0.75473 0.039289
0.75905 0.038366
0.75754 0.038718
0.70065 0.022967
0.75338 0.039357
0.70688 0.035679
0.76314 0.037863
0.75384 0.039309
0.75819 0.038342
0.71015 0.034278
0.77616 0.035254
0.71884 0.022354
0.73224 0.037488
0.77143 0.036252
0.7961 0.035442
0.72665 0.022083
0.73682 0.038291
0.72954 0.033928
0.74097 0.038965
0.80869 0.039053
0.82078 0.034486
0.73639 0.022913
0.74573 0.039412
0.7411 0.035588
0.75017 0.037526
0.83819 0.039605
0.842 0.039801
0.74411 0.029342
0.76479 0.032736
0.75403 0.030711
0.77267 0.031517
0.84242 0.039263
0.85246 0.040007
0.75479 0.027815
0.7882 0.028388
0.76743 0.023991
0.86229 0.040237
0.85818 0.041207
0.86595 0.03741
0.77961 0.02137
0.80614 0.029317
0.7935 0.023612
0.88921 0.031888
0.8056 0.023164
0.84512 0.031178
0.82913 0.023563
0.85498 0.030925
0.89798 0.031424
0.84696 0.026209
0.92614 0.029834
0.85673 0.026232
0.94086 0.029785
0.932 0.029907
0.93941 0.029975
0.86602 0.021756
0.89448 0.024327
0.88784 0.022005
0.9562 0.028359
0.95147 0.02844
0.95969 0.028266
0.92605 0.022055
0.93142 0.023205
0.97218 0.021829
0.97551 0.023842
0.96361 0.028341
