345
0.022913 0.021878
0.021124 0.025529
0.067624 0.021544
0.026007 0.025539
0.023346 0.025529
0.027336 0.02553
0.090086 0.020823
0.057721 0.023629
0.099472 0.023264
0.036281 0.025638
0.031796 0.025538
0.13459 0.020966
0.039499 0.025628
0.15313 0.021314
0.042899 0.02554
0.041071 0.025588
0.046243 0.025444
0.17518 0.020804
0.12239 0.025301
0.18545 0.025741
0.083482 0.026018
0.056412 0.025105
0.073759 0.025063
0.20453 0.022903
0.10012 0.027072
0.21737 0.021139
0.12986 0.028107
0.11218 0.027029
0.13026 0.02814
0.22892 0.023988
0.16008 0.029244
0.24942 0.021229
0.20188 0.028652
0.16297 0.029185
0.17141 0.030591
0.26105 0.022541
0.20673 0.029084
0.27539 0.021598
0.25332 0.028251
0.17066 0.030868
0.17086 0.031247
0.28033 0.025896
0.24277 0.02875
0.29207 0.023273
0.24657 0.029645
0.16763 0.031452
0.15885 0.032744
0.30359 0.026519
0.15383 0.033785
0.31288 0.023297
0.26262 0.032347
0.15411 0.033781
0.16458 0.03269
0.31981 0.02756
0.16993 0.032793
0.32288 0.030293
0.3037 0.033631
0.1718 0.032854
0.17885 0.033183
0.33071 0.02634
0.30493 0.03703
0.32356 0.036239
0.18336 0.034585
0.18007 0.033582
0.34592 0.025335
0.18536 0.035228
0.34913 0.032065
0.31853 0.04435
0.18677 0.035543
0.1903 0.035828
0.35412 0.031446
0.18959 0.036259
0.35367 0.036832
0.18859 0.03678
0.18899 0.036496
0.18774 0.036971
0.3589 0.031174
0.34537 0.044716
0.36419 0.029823
0.17992 0.036141
0.18407 0.03702
0.17891 0.035877
0.36304 0.036671
0.34735 0.051407
0.36033 0.046537
0.10535 0.032136
0.075142 0.028365
0.36961 0.037052
0.34059 0.046342
0.36953 0.039768
0.29015 0.035709
0.052026 0.028945
0.048395 0.029851
0.36962 0.0453
0.048198 0.030248
0.37212 0.042837
0.2159 0.034984
0.049878 0.030985
0.053069 0.031944
0.37499 0.040381
0.33186 0.044018
0.38512 0.027466
0.053515 0.033479
0.051915 0.032683
0.053591 0.0335
0.37524 0.044465
0.14166 0.03899
0.37501 0.046387
0.15908 0.039128
0.054713 0.033589
0.38676 0.036089
0.17319 0.038322
0.39235 0.026552
0.094026 0.036021
0.057859 0.033784
0.058539 0.033822
0.39127 0.034961
0.059594 0.033857
0.37428 0.04997
0.060024 0.033862
0.059582 0.033857
0.059951 0.033862
0.38425 0.043656
0.0616 0.033808
0.40109 0.024368
0.24669 0.034409
0.30351 0.041994
0.11481 0.035986
0.11287 0.036236
0.40741 0.025008
0.39684 0.039777
0.41811 0.021418
0.41423 0.027392
0.39844 0.04305
0.41192 0.034634
0.38223 0.046227
0.40425 0.047001
0.40123 0.046744
0.11176 0.035531
0.11599 0.036055
0.41956 0.046964
0.41504 0.051694
0.36285 0.055276
0.39624 0.057043
0.40676 0.055814
0.38881 0.061526
0.39978 0.057785
0.38299 0.063625
0.38059 0.065038
0.4381 0.022093
0.43653 0.024631
0.44623 0.020245
0.44275 0.023419
0.43492 0.028293
0.45372 0.02136
0.44357 0.027218
0.41548 0.044722
0.43252 0.041435
0.43411 0.04197
0.44075 0.033542
0.40526 0.059207
0.41341 0.057827
0.44513 0.028922
0.44857 0.024515
0.38334 0.064511
0.41859 0.058069
0.43891 0.042591
0.45384 0.027278
0.4362 0.053956
0.42724 0.059654
0.44514 0.039374
0.45089 0.028366
0.43271 0.057976
0.46647 0.020779
0.47918 0.022354
0.50379 0.022022
0.49049 0.030773
0.48065 0.025684
0.50583 0.027847
0.46243 0.025663
0.46715 0.042835
0.52328 0.034124
0.50877 0.039849
0.46519 0.034086
0.46652 0.052126
0.50861 0.043023
0.50247 0.053579
0.45582 0.025278
0.45828 0.026116
0.49335 0.052366
0.48177 0.043065
0.46354 0.037497
0.46078 0.032296
0.48224 0.053104
0.46269 0.058881
0.47209 0.043858
0.52975 0.021815
0.53128 0.027852
0.5425 0.022981
0.54649 0.030234
0.53643 0.036778
0.54251 0.041276
0.54183 0.054208
0.54552 0.056916
0.55607 0.037829
0.52911 0.043087
0.52084 0.041223
0.56452 0.045376
0.56945 0.042654
0.51684 0.048575
0.50677 0.05266
0.55654 0.038748
0.53197 0.055291
0.50315 0.054373
0.51241 0.053655
0.5239 0.055133
0.54808 0.024054
0.56755 0.031191
0.56286 0.027784
0.58416 0.038849
0.56246 0.033139
0.78314 0.035779
0.57522 0.041944
0.56542 0.045002
0.54929 0.056281
0.53702 0.056466
0.5666 0.022836
0.8718 0.038968
0.5763 0.024838
0.89773 0.038479
0.86169 0.038588
0.91709 0.038226
0.59259 0.043179
0.65205 0.041655
0.59573 0.043632
0.77204 0.037014
0.94307 0.035591
0.95025 0.035103
0.58493 0.023293
0.953 0.03501
0.60206 0.045159
0.95447 0.034956
0.95355 0.034991
0.95456 0.034949
0.59607 0.0318
0.74635 0.038479
0.59884 0.031688
0.95427 0.034889
0.9545 0.034926
0.59928 0.024029
0.9537 0.034867
0.60824 0.044267
0.64569 0.041482
0.95407 0.034878
0.9511 0.034857
0.61007 0.044011
0.67295 0.041074
0.60898 0.03112
0.62325 0.042276
0.94891 0.034852
0.61579 0.042777
0.92015 0.036144
0.61478 0.026763
0.66052 0.040583
0.92657 0.037615
0.90792 0.033934
0.61688 0.024045
0.87671 0.035547
0.62583 0.033172
0.64346 0.040443
0.85465 0.03476
0.82007 0.034697
0.63467 0.033026
0.77317 0.035101
0.63915 0.037187
0.7393 0.0363
0.72483 0.035262
0.63829 0.024791
0.70912 0.035723
0.64442 0.027136
0.70415 0.036536
0.7092 0.035715
0.70723 0.035944
0.64817 0.02314
0.70239 0.036926
0.65807 0.036167
0.71559 0.034715
0.70303 0.036691
0.70823 0.035448
0.66077 0.035019
0.73353 0.034974
0.66586 0.022663
0.67428 0.036323
0.72678 0.034547
0.74791 0.035513
0.67209 0.022221
0.67804 0.035823
0.6734 0.033703
0.6839 0.035018
0.76611 0.034745
0.77883 0.032604
0.68243 0.02237
0.69122 0.034959
0.6867 0.031244
0.69993 0.033909
0.79851 0.031157
0.80807 0.03082
0.69396 0.026845
0.71813 0.030454
0.70598 0.029037
0.72821 0.030204
0.80984 0.030475
0.82446 0.033059
0.70713 0.026666
0.74299 0.028916
0.72129 0.023281
0.8396 0.032274
0.83016 0.034596
0.84927 0.030884
0.73637 0.021302
0.76245 0.027668
0.74894 0.023808
0.87549 0.031381
0.76166 0.022615
0.81818 0.026609
0.78914 0.022813
0.8317 0.027372
0.8854 0.030673
0.82126 0.023876
0.91398 0.029268
0.83406 0.024169
0.93067 0.028455
0.92089 0.029029
0.92894 0.028657
0.8503 0.021117
0.88251 0.024067
0.87534 0.021927
0.94939 0.02671
0.94401 0.026954
0.95377 0.02662
0.91474 0.021947
0.92085 0.022936
0.97007 0.021435
0.97429 0.023024
0.95896 0.026577
