345
0.020976 0.025699
0.02247 0.043261
0.035157 0.025009
0.03339 0.043275
0.027356 0.043261
0.036186 0.043286
0.0427 0.021953
0.046542 0.032517
0.052137 0.027594
0.056874 0.043507
0.046091 0.043325
0.062911 0.021957
0.062292 0.04363
0.072264 0.022509
0.069113 0.04379
0.065483 0.043704
0.074308 0.043974
0.082596 0.021417
0.0813 0.033868
0.094548 0.028718
0.094939 0.044878
0.082924 0.044291
0.091507 0.044679
0.10278 0.024649
0.10012 0.045181
0.11078 0.022
0.10657 0.045573
0.10311 0.04536
0.10666 0.045579
0.11752 0.027226
0.11524 0.046265
0.12773 0.022192
0.12723 0.035306
0.11653 0.046375
0.12912 0.047698
0.13484 0.024087
0.13625 0.037746
0.1445 0.022564
0.1449 0.035077
0.13412 0.048434
0.14093 0.049617
0.1491 0.029982
0.14765 0.037779
0.15453 0.025758
0.15495 0.040778
0.14629 0.051306
0.15411 0.054741
0.16115 0.029629
0.15813 0.057456
0.16846 0.023337
0.16551 0.043847
0.1583 0.057538
0.16199 0.05913
0.17651 0.026898
0.16436 0.060232
0.18043 0.029997
0.17859 0.042115
0.16529 0.060626
0.1694 0.062145
0.18722 0.027982
0.18459 0.048702
0.18937 0.037501
0.17518 0.065799
0.17168 0.064189
0.1981 0.026479
0.17774 0.06717
0.20219 0.032922
0.19573 0.05042
0.17901 0.067575
0.18185 0.068803
0.20614 0.029878
0.18327 0.070786
0.20791 0.034372
0.18457 0.072943
0.18386 0.071811
0.18474 0.073797
0.2124 0.029212
0.20806 0.051597
0.2185 0.029201
0.18193 0.078549
0.1837 0.076494
0.18154 0.078869
0.21922 0.035539
0.21244 0.059282
0.22003 0.045319
0.16793 0.081114
0.16254 0.08058
0.22561 0.03696
0.21089 0.067706
0.22626 0.039598
0.20509 0.07631
0.15394 0.078676
0.14793 0.078093
0.22792 0.045372
0.14622 0.078235
0.23004 0.044253
0.1971 0.083875
0.14379 0.078913
0.14106 0.080281
0.23218 0.044699
0.21228 0.076431
0.23668 0.030831
0.13512 0.085469
0.13921 0.081417
0.13484 0.0858
0.23358 0.051652
0.17684 0.090311
0.23423 0.055098
0.18232 0.090583
0.13341 0.087465
0.23884 0.043035
0.18572 0.091236
0.24167 0.028866
0.16003 0.091028
0.13009 0.094406
0.13012 0.095724
0.24227 0.039508
0.13146 0.096464
0.2359 0.064732
0.13221 0.096241
0.13143 0.096469
0.13204 0.096339
0.23909 0.059933
0.13601 0.09375
0.24886 0.025452
0.20202 0.092898
0.21061 0.08949
0.16188 0.096484
0.15902 0.09635
0.25379 0.026511
0.24961 0.044369
0.26192 0.021523
0.25892 0.028849
0.25285 0.049228
0.25952 0.037056
0.23927 0.073997
0.25847 0.051955
0.25594 0.055504
0.16524 0.096793
0.16209 0.096822
0.28232 0.035059
0.29193 0.0365
0.23406 0.080855
0.26352 0.059968
0.28504 0.040321
0.2993 0.040866
0.27196 0.053407
0.30357 0.04023
0.31502 0.039504
0.3111 0.021073
0.29776 0.022713
0.44837 0.020192
0.41956 0.021347
0.29098 0.024806
0.47805 0.021362
0.42484 0.023177
0.26949 0.038381
0.32769 0.026898
0.35707 0.024644
0.40543 0.024012
0.34374 0.027205
0.36002 0.027213
0.43796 0.025002
0.45916 0.025643
0.33621 0.030414
0.35246 0.030578
0.40041 0.026321
0.47854 0.027263
0.39179 0.027884
0.37689 0.030506
0.42794 0.029022
0.46125 0.029079
0.40839 0.029966
0.55693 0.020232
0.61179 0.020731
0.70812 0.020942
0.66753 0.022324
0.61685 0.021524
0.71195 0.024072
0.54301 0.023326
0.56532 0.025476
0.73198 0.032618
0.70736 0.029251
0.55119 0.025179
0.56602 0.027469
0.70419 0.030442
0.6794 0.029979
0.51427 0.025747
0.52759 0.026807
0.6442 0.027053
0.61491 0.02701
0.54514 0.029063
0.53196 0.030241
0.65585 0.029743
0.64592 0.030932
0.59634 0.029291
0.74267 0.021505
0.74471 0.02644
0.75602 0.024368
0.75799 0.038486
0.74716 0.033997
0.75313 0.043483
0.74545 0.04665
0.74885 0.052706
0.76029 0.068826
0.73507 0.040435
0.72641 0.036806
0.77468 0.079372
0.78265 0.085708
0.71615 0.035632
0.69005 0.034519
0.76032 0.072005
0.73253 0.05225
0.68651 0.035837
0.69731 0.040951
0.72241 0.045624
0.75921 0.028139
0.76444 0.057828
0.76383 0.044342
0.77126 0.065646
0.76258 0.061647
0.82031 0.098013
0.78439 0.086176
0.77782 0.082563
0.75389 0.068447
0.73621 0.055397
0.7658 0.02927
0.83295 0.10259
0.76832 0.035184
0.83957 0.10449
0.83115 0.10186
0.84181 0.10476
0.77694 0.064914
0.80127 0.087051
0.77741 0.062763
0.82077 0.092257
0.84696 0.10416
0.85022 0.10336
0.7715 0.028432
0.85249 0.10221
0.7799 0.059009
0.85424 0.10026
0.85299 0.10178
0.85442 0.09977
0.77605 0.040706
0.81941 0.087699
0.7778 0.038627
0.85416 0.094405
0.85438 0.097562
0.77848 0.026406
0.85339 0.092556
0.78533 0.051353
0.80114 0.075912
0.85389 0.093557
0.85136 0.090089
0.78733 0.050085
0.80794 0.078938
0.78571 0.034491
0.79835 0.067712
0.84963 0.088767
0.7931 0.052495
0.8428 0.08524
0.7902 0.029884
0.80711 0.07093
0.8448 0.086027
0.84024 0.084123
0.79169 0.026277
0.83755 0.082889
0.79774 0.041861
0.80509 0.055714
0.83541 0.081864
0.83026 0.079232
0.80252 0.03995
0.82715 0.076998
0.80533 0.045408
0.82418 0.073304
0.82308 0.071276
0.80424 0.027279
0.82251 0.06809
0.80929 0.030147
0.8233 0.064899
0.82249 0.068147
0.82293 0.066756
0.81119 0.024481
0.8238 0.063164
0.81609 0.040541
0.82725 0.06161
0.82439 0.062493
0.82586 0.062006
0.82009 0.036895
0.83068 0.060248
0.82501 0.0228
0.82794 0.044594
0.82944 0.060705
0.83342 0.059548
0.83167 0.022131
0.83131 0.042974
0.83562 0.033319
0.83719 0.039406
0.83807 0.05731
0.84045 0.056608
0.84252 0.022124
0.84403 0.037145
0.84964 0.030068
0.85233 0.036272
0.84738 0.053638
0.85351 0.051901
0.85761 0.025719
0.86047 0.036731
0.86801 0.029791
0.86438 0.037009
0.86168 0.049669
0.86825 0.048655
0.87203 0.027238
0.87776 0.034371
0.88323 0.02452
0.8801 0.047173
0.87307 0.047996
0.88392 0.046747
0.89335 0.021975
0.89189 0.033194
0.90131 0.025982
0.90211 0.045201
0.90918 0.024442
0.90587 0.036516
0.92135 0.026728
0.91866 0.0348
0.90941 0.044788
0.92704 0.029176
0.9236 0.044235
0.93513 0.028837
0.93773 0.043832
0.93023 0.044005
0.93652 0.043858
0.94823 0.023324
0.9497 0.032657
0.95675 0.025736
0.95443 0.043514
0.94905 0.043589
0.95838 0.043471
0.96633 0.028065
0.9648 0.032108
0.97811 0.027921
0.97832 0.035329
0.963 0.043422
