345
0.021328 0.024121
0.020592 0.032076
0.038855 0.02431
0.023166 0.032094
0.021762 0.032076
0.023864 0.032077
0.047903 0.021756
0.036905 0.029979
0.053229 0.026439
0.028783 0.033181
0.026271 0.03247
0.071169 0.0216
0.030389 0.033369
0.086168 0.021383
0.0319 0.033361
0.031105 0.033371
0.033293 0.033414
0.10709 0.020884
0.067708 0.030209
0.11655 0.027296
0.050361 0.033776
0.037741 0.033574
0.045011 0.033239
0.12899 0.025141
0.059858 0.034038
0.13529 0.022255
0.074138 0.035514
0.065524 0.033751
0.074308 0.035539
0.14129 0.027431
0.093441 0.029845
0.15265 0.022249
0.12667 0.034716
0.096071 0.029757
0.10291 0.031486
0.15872 0.024725
0.12921 0.036598
0.16622 0.023055
0.14816 0.036055
0.10224 0.031772
0.10235 0.032216
0.1671 0.030866
0.14258 0.038074
0.17509 0.025638
0.14258 0.040529
0.099739 0.032334
0.092653 0.033908
0.18257 0.028939
0.088496 0.035267
0.19024 0.023718
0.14419 0.045268
0.088736 0.035226
0.09744 0.033811
0.19678 0.027713
0.1014 0.033974
0.19937 0.03019
0.17316 0.038726
0.10285 0.034128
0.10865 0.035334
0.2081 0.025699
0.17002 0.041027
0.19747 0.036305
0.11233 0.037861
0.1096 0.036007
0.22879 0.02365
0.11378 0.038952
0.23306 0.028227
0.18621 0.042922
0.11466 0.039556
0.11684 0.040686
0.24037 0.027688
0.11621 0.040877
0.23817 0.03131
0.11539 0.041035
0.11575 0.040928
0.11478 0.040978
0.24755 0.027418
0.22336 0.036639
0.25584 0.025802
0.10864 0.038755
0.11205 0.040239
0.10787 0.038385
0.2525 0.03042
0.22323 0.041093
0.24323 0.037047
0.070793 0.0452
0.048512 0.04043
0.26365 0.028711
0.21573 0.039217
0.2622 0.030354
0.15142 0.044474
0.038484 0.041506
0.037426 0.04244
0.25953 0.033814
0.037814 0.042976
0.26689 0.030761
0.13051 0.046847
0.039648 0.044016
0.042231 0.045094
0.27468 0.028995
0.20491 0.04137
0.29988 0.023753
0.043042 0.046034
0.041859 0.04549
0.043087 0.04605
0.27357 0.030695
0.088851 0.051307
0.27228 0.031502
0.093899 0.041471
0.043658 0.046154
0.30236 0.027972
0.1032 0.039914
0.31461 0.023373
0.060939 0.047645
0.045161 0.046354
0.045481 0.046393
0.31205 0.027585
0.045974 0.046426
0.26919 0.033243
0.046175 0.046435
0.045968 0.046425
0.046141 0.046434
0.29486 0.031452
0.046878 0.046474
0.33195 0.022038
0.13897 0.049307
0.16027 0.043094
0.077956 0.049377
0.076016 0.048797
0.34602 0.02215
0.32216 0.02995
0.36777 0.020664
0.36171 0.023508
0.32493 0.031347
0.35688 0.026808
0.28998 0.032437
0.33735 0.032095
0.3305 0.032498
0.075368 0.048357
0.079133 0.049801
0.36805 0.032413
0.36149 0.035211
0.23921 0.042447
0.31706 0.038213
0.34256 0.03574
0.29529 0.039121
0.32489 0.037962
0.27635 0.037744
0.26741 0.038451
0.38209 0.02134
0.37931 0.022795
0.3934 0.020206
0.38904 0.022603
0.37716 0.02468
0.40079 0.021207
0.39008 0.02565
0.36264 0.031713
0.37577 0.031175
0.37768 0.03233
0.38764 0.029839
0.33814 0.037579
0.35894 0.0382
0.39203 0.027322
0.39594 0.023927
0.27652 0.037927
0.36572 0.037973
0.38816 0.035576
0.40093 0.026448
0.38451 0.03901
0.37206 0.035172
0.39562 0.036185
0.39807 0.027484
0.37604 0.037997
0.41757 0.020526
0.43629 0.021598
0.48997 0.020856
0.45591 0.025029
0.43866 0.023675
0.4949 0.023406
0.41117 0.023996
0.42282 0.035544
0.53605 0.025531
0.50124 0.02895
0.41575 0.029616
0.42397 0.038603
0.50068 0.030396
0.48886 0.034217
0.40299 0.024558
0.40579 0.025034
0.46795 0.032267
0.44239 0.033989
0.41404 0.032298
0.40907 0.029255
0.44408 0.037353
0.41786 0.039393
0.42946 0.03615
0.55202 0.020686
0.55573 0.022883
0.58695 0.02121
0.5962 0.024875
0.57026 0.026038
0.58545 0.028571
0.58116 0.033345
0.59054 0.035322
0.61205 0.033887
0.54911 0.028989
0.52896 0.028267
0.62362 0.038367
0.6318 0.036178
0.51635 0.032282
0.49685 0.034753
0.61263 0.034696
0.55451 0.033052
0.49018 0.034602
0.50644 0.036378
0.53407 0.034117
0.59957 0.02212
0.62669 0.028153
0.61973 0.025944
0.64726 0.037493
0.61946 0.030033
0.83142 0.040578
0.64029 0.038272
0.62542 0.037868
0.60001 0.038068
0.56849 0.033048
0.62527 0.022085
0.89401 0.039408
0.63888 0.024035
0.91835 0.040111
0.88087 0.039291
0.93593 0.039964
0.65461 0.039653
0.72096 0.040408
0.65767 0.039233
0.81606 0.041048
0.95646 0.0396
0.96118 0.039562
0.64786 0.023062
0.96292 0.039464
0.6678 0.038821
0.96382 0.039489
0.96328 0.039478
0.96387 0.039487
0.66003 0.029616
0.7994 0.040723
0.66395 0.029269
0.96368 0.039404
0.96383 0.039457
0.66462 0.023181
0.96332 0.039345
0.67572 0.039549
0.71226 0.039564
0.96355 0.039379
0.96162 0.039255
0.67762 0.039714
0.74391 0.041765
0.67717 0.029465
0.69129 0.04079
0.96014 0.039282
0.68334 0.039671
0.93716 0.038969
0.68331 0.025859
0.72747 0.04099
0.94448 0.039745
0.92471 0.036168
0.68563 0.023567
0.89769 0.037478
0.69518 0.032766
0.70985 0.038997
0.87405 0.038449
0.8506 0.038751
0.70332 0.033486
0.81675 0.040103
0.70639 0.037134
0.79234 0.039393
0.78126 0.039057
0.70767 0.024647
0.77054 0.039726
0.71439 0.026897
0.76607 0.040486
0.7706 0.039717
0.76902 0.040009
0.71861 0.023106
0.76466 0.040446
0.7264 0.03685
0.77453 0.039483
0.76514 0.040426
0.76973 0.03962
0.72869 0.035921
0.78669 0.038146
0.7351 0.022791
0.74413 0.040386
0.78244 0.038508
0.80019 0.039052
0.74154 0.022476
0.7478 0.040614
0.74291 0.036558
0.75141 0.040858
0.81111 0.04145
0.82292 0.036062
0.74972 0.023287
0.75643 0.040749
0.75247 0.036957
0.76158 0.038131
0.83683 0.03944
0.84081 0.038914
0.75686 0.029846
0.77627 0.033947
0.76642 0.031284
0.78349 0.033281
0.84155 0.038319
0.85384 0.038094
0.76725 0.028261
0.79577 0.031234
0.77883 0.024407
0.86538 0.037849
0.86048 0.03945
0.8698 0.035192
0.78954 0.021679
0.81013 0.031046
0.80013 0.024682
0.89461 0.032267
0.80967 0.023767
0.84658 0.030395
0.83075 0.023908
0.85757 0.029821
0.90325 0.03243
0.84872 0.025676
0.92762 0.030892
0.85949 0.025577
0.94158 0.030096
0.93311 0.030559
0.94013 0.030348
0.87 0.021534
0.89972 0.024619
0.89332 0.02205
0.95681 0.02852
0.9521 0.028578
0.96024 0.028442
0.92765 0.022277
0.93262 0.023424
0.97236 0.021872
0.97561 0.023932
0.96398 0.028534
