345
0.02101 0.025509
0.022546 0.042501
0.035679 0.024839
0.033802 0.042501
0.027582 0.042501
0.036683 0.042501
0.04349 0.021885
0.047463 0.032078
0.053272 0.027305
0.05816 0.042502
0.046949 0.042501
0.064519 0.021861
0.06383 0.042502
0.074418 0.022359
0.071004 0.042502
0.067186 0.042502
0.076468 0.042503
0.085472 0.021312
0.084021 0.032866
0.098492 0.027878
0.098707 0.042505
0.085668 0.042503
0.094983 0.042504
0.10772 0.024114
0.10441 0.042506
0.11687 0.021732
0.11164 0.042507
0.10777 0.042506
0.11175 0.042507
0.12465 0.026141
0.12138 0.042509
0.13692 0.021801
0.13619 0.032605
0.12286 0.042509
0.13813 0.042515
0.14562 0.023267
0.14728 0.034109
0.15801 0.021959
0.1587 0.031475
0.14432 0.042517
0.15351 0.042522
0.164 0.027374
0.16251 0.033239
0.17154 0.024083
0.17358 0.034521
0.16152 0.042527
0.17724 0.042544
0.18118 0.026329
0.18742 0.042558
0.19283 0.02204
0.19118 0.034616
0.18782 0.042559
0.19671 0.042576
0.20648 0.024007
0.2024 0.042588
0.21328 0.025735
0.21383 0.032636
0.2046 0.042593
0.21528 0.042625
0.2253 0.024297
0.22772 0.035108
0.23222 0.029046
0.23594 0.042727
0.2252 0.042665
0.24693 0.023056
0.2439 0.042784
0.25691 0.025795
0.2518 0.034035
0.24695 0.042806
0.25507 0.042894
0.26476 0.024212
0.26312 0.042996
0.27089 0.025908
0.27181 0.043128
0.26719 0.043048
0.27494 0.043197
0.28017 0.023567
0.28158 0.032176
0.29683 0.023203
0.29017 0.043551
0.28333 0.043383
0.29127 0.043594
0.30192 0.025201
0.30347 0.033147
0.31081 0.028042
0.30905 0.044321
0.31475 0.044729
0.32317 0.024824
0.31772 0.034544
0.32733 0.025405
0.3297 0.036037
0.32335 0.045373
0.33293 0.04638
0.33793 0.026671
0.33593 0.046769
0.34506 0.02614
0.34719 0.037587
0.34147 0.047522
0.34883 0.048905
0.3539 0.026124
0.35218 0.034788
0.36228 0.022608
0.36385 0.053539
0.35315 0.050062
0.3646 0.053843
0.36541 0.027812
0.37078 0.042512
0.37306 0.028685
0.37286 0.041859
0.3682 0.05543
0.37918 0.025663
0.37788 0.042303
0.38312 0.022225
0.38357 0.04939
0.38037 0.06585
0.38267 0.068456
0.39007 0.025214
0.38597 0.07045
0.39539 0.033975
0.38715 0.070398
0.38593 0.070446
0.38691 0.070501
0.3971 0.03259
0.39051 0.066585
0.40781 0.022027
0.40084 0.049476
0.40215 0.047987
0.4041 0.065414
0.40377 0.066672
0.41915 0.023409
0.41252 0.03055
0.4313 0.021297
0.42755 0.026396
0.41849 0.036148
0.42795 0.032706
0.41557 0.052191
0.42513 0.044996
0.42316 0.046071
0.40472 0.06468
0.40473 0.066554
0.44448 0.044107
0.44867 0.050396
0.41843 0.06329
0.42901 0.063564
0.44365 0.053245
0.45051 0.061957
0.43372 0.064651
0.45261 0.063726
0.45743 0.071104
0.46116 0.022886
0.45561 0.025761
0.49094 0.021031
0.4855 0.027622
0.45221 0.029157
0.49632 0.027857
0.48649 0.037608
0.43607 0.040865
0.4654 0.042783
0.47417 0.039802
0.48306 0.043976
0.46987 0.04647
0.47407 0.051103
0.48896 0.046808
0.49293 0.051225
0.46651 0.055518
0.47119 0.060125
0.4818 0.057279
0.49619 0.061313
0.47961 0.065767
0.47638 0.074756
0.48633 0.068115
0.49283 0.070085
0.48206 0.075732
0.50985 0.021136
0.52204 0.024212
0.54764 0.02224
0.53358 0.028928
0.52295 0.028504
0.54924 0.02943
0.50735 0.038439
0.51258 0.044761
0.56098 0.040377
0.54854 0.041967
0.50947 0.046555
0.51347 0.053027
0.54766 0.045058
0.53877 0.05167
0.50281 0.05503
0.50522 0.059897
0.52999 0.056195
0.52434 0.060316
0.50858 0.066046
0.50583 0.076763
0.53301 0.06397
0.53116 0.073366
0.52102 0.075269
0.56645 0.021726
0.56835 0.026755
0.58284 0.022511
0.5866 0.029383
0.57175 0.032756
0.58078 0.035607
0.57511 0.044803
0.57961 0.047171
0.58871 0.055488
0.56616 0.048008
0.5602 0.049968
0.59284 0.06081
0.59404 0.065196
0.55503 0.053153
0.54404 0.058634
0.58703 0.06327
0.56897 0.063809
0.54343 0.063587
0.54904 0.069744
0.56134 0.06609
0.589 0.023817
0.59629 0.036837
0.59821 0.029336
0.60281 0.038571
0.5927 0.04216
0.60779 0.062286
0.5953 0.063359
0.59256 0.064751
0.58469 0.062747
0.57219 0.062976
0.60663 0.022928
0.61128 0.067981
0.61317 0.024372
0.61444 0.069388
0.6106 0.067134
0.6157 0.069011
0.61567 0.034204
0.61478 0.044869
0.62049 0.032619
0.62 0.047901
0.61959 0.065831
0.62322 0.06308
0.62724 0.022121
0.62722 0.06038
0.63463 0.030229
0.63299 0.057169
0.62847 0.059558
0.63424 0.056516
0.63864 0.024904
0.63706 0.040288
0.6474 0.02436
0.64783 0.05063
0.63908 0.053812
0.65686 0.021562
0.65325 0.049105
0.66315 0.028403
0.66135 0.035736
0.65023 0.049916
0.66451 0.047034
0.67079 0.028233
0.66884 0.037254
0.68144 0.02388
0.67843 0.033994
0.67166 0.045942
0.68678 0.029535
0.69125 0.044398
0.70102 0.022938
0.69467 0.036117
0.68714 0.044689
0.69721 0.044138
0.70592 0.021926
0.70325 0.04389
0.71327 0.026934
0.7197 0.033761
0.70796 0.043699
0.71785 0.043407
0.72951 0.026648
0.72307 0.043277
0.73239 0.029196
0.73248 0.043071
0.73783 0.043006
0.74303 0.022511
0.74737 0.04289
0.75799 0.023686
0.75854 0.042788
0.74717 0.042892
0.75235 0.042838
0.76325 0.021701
0.76456 0.042739
0.77362 0.028596
0.77649 0.042667
0.76789 0.042712
0.77252 0.042684
0.78367 0.028053
0.78674 0.042624
0.79433 0.02151
0.79648 0.034033
0.7831 0.04264
0.79378 0.042601
0.80558 0.021303
0.80235 0.033774
0.81154 0.028465
0.81287 0.032422
0.80608 0.04257
0.81146 0.042558
0.82234 0.021447
0.82366 0.031779
0.83257 0.027232
0.836 0.031865
0.82623 0.042539
0.83691 0.042529
0.84329 0.024319
0.84707 0.032824
0.8568 0.027718
0.85226 0.033239
0.84888 0.042521
0.85751 0.042517
0.86181 0.025789
0.86894 0.031772
0.87559 0.023794
0.87202 0.042511
0.86343 0.042514
0.87661 0.04251
0.88725 0.02173
0.88564 0.031496
0.89632 0.025336
0.89764 0.042505
0.90501 0.024026
0.90155 0.034872
0.91836 0.026216
0.9155 0.033622
0.90563 0.042504
0.92444 0.028546
0.92103 0.042503
0.93307 0.02831
0.93597 0.042502
0.92804 0.042502
0.93469 0.042502
0.94692 0.023165
0.94847 0.032068
0.95584 0.025491
0.95343 0.042501
0.94782 0.042501
0.95755 0.042501
0.96582 0.027759
0.96423 0.03164
0.97804 0.027637
0.97825 0.034778
0.96235 0.042501
