345
0.021453 0.023765
0.02064 0.031032
0.041092 0.023191
0.023421 0.031049
0.021905 0.031032
0.024177 0.031034
0.055469 0.021125
0.038504 0.027728
0.063749 0.024289
0.029376 0.032022
0.026749 0.031392
0.090905 0.020999
0.03111 0.031862
0.11664 0.020782
0.032774 0.031494
0.031897 0.031694
0.034308 0.031209
0.14481 0.020782
0.085474 0.026542
0.1556 0.026107
0.059326 0.028971
0.039364 0.030318
0.050934 0.02843
0.17195 0.023557
0.073224 0.029574
0.18168 0.021477
0.095233 0.029834
0.081306 0.028972
0.095494 0.029848
0.19088 0.024992
0.12871 0.026813
0.20719 0.021559
0.16744 0.030633
0.13219 0.027236
0.1402 0.030077
0.21627 0.023518
0.17129 0.031623
0.22548 0.022584
0.20112 0.030976
0.13942 0.030274
0.13952 0.030683
0.22651 0.029318
0.19278 0.032232
0.23533 0.024965
0.1928 0.033828
0.13652 0.030241
0.12766 0.02944
0.24389 0.027532
0.12074 0.029188
0.25346 0.023034
0.19537 0.036806
0.12119 0.029228
0.13386 0.030763
0.26153 0.026543
0.13839 0.032106
0.2643 0.028857
0.23277 0.036555
0.13999 0.03245
0.14518 0.033677
0.274 0.024921
0.22975 0.038519
0.2619 0.033972
0.14787 0.036001
0.14585 0.034293
0.29635 0.023579
0.14937 0.037008
0.30036 0.02788
0.24749 0.038537
0.15038 0.037504
0.15301 0.037983
0.30879 0.027242
0.15209 0.038154
0.30624 0.030868
0.15091 0.03827
0.15144 0.038205
0.15007 0.038269
0.31601 0.027693
0.28999 0.036598
0.32395 0.026036
0.14468 0.036855
0.14695 0.038006
0.14418 0.036507
0.32084 0.031002
0.28918 0.040128
0.31096 0.037312
0.089421 0.035935
0.055972 0.033186
0.33038 0.029537
0.28208 0.037282
0.32861 0.031075
0.20653 0.036664
0.038977 0.03615
0.037387 0.037294
0.32549 0.034586
0.037793 0.037546
0.33339 0.032065
0.17241 0.037866
0.040175 0.037602
0.044447 0.037334
0.34122 0.029975
0.26909 0.038202
0.36442 0.02421
0.045759 0.037654
0.043667 0.037755
0.045839 0.037647
0.34027 0.031755
0.12193 0.038172
0.33917 0.0326
0.13009 0.035312
0.046874 0.0375
0.36652 0.029068
0.14003 0.037767
0.37623 0.024113
0.073924 0.038784
0.049569 0.037116
0.050125 0.037098
0.3741 0.029407
0.050988 0.037071
0.33578 0.034569
0.05134 0.037073
0.050978 0.037071
0.05128 0.037072
0.36067 0.032575
0.052565 0.037155
0.39167 0.022166
0.18692 0.038388
0.22001 0.037738
0.099788 0.038216
0.09702 0.038257
0.40505 0.022256
0.3821 0.031335
0.42521 0.020768
0.41998 0.023986
0.38462 0.032485
0.41553 0.027394
0.35571 0.03323
0.39635 0.032776
0.38977 0.03351
0.096099 0.038084
0.10164 0.038139
0.42646 0.034227
0.42151 0.037791
0.30681 0.039546
0.37815 0.040548
0.40099 0.036734
0.36373 0.040748
0.38386 0.039582
0.34203 0.038799
0.33316 0.038135
0.43781 0.021365
0.43498 0.022921
0.44985 0.020217
0.44562 0.022645
0.43283 0.025016
0.45604 0.021349
0.44669 0.025818
0.42156 0.033629
0.43255 0.032103
0.43494 0.033051
0.44467 0.029834
0.39634 0.03854
0.4193 0.039306
0.4486 0.027616
0.45206 0.024239
0.34216 0.038926
0.42616 0.039662
0.44855 0.035982
0.45614 0.027209
0.44671 0.038328
0.43083 0.036987
0.45447 0.037347
0.45382 0.028228
0.43635 0.038792
0.47168 0.02048
0.49257 0.0218
0.52911 0.021214
0.50765 0.027498
0.49483 0.02424
0.53233 0.024621
0.46521 0.024031
0.47828 0.034151
0.56429 0.027487
0.53775 0.031514
0.46919 0.02898
0.48046 0.035958
0.53686 0.033445
0.52995 0.038465
0.45773 0.02511
0.46015 0.025552
0.5193 0.037812
0.5012 0.037621
0.46659 0.032001
0.4629 0.029705
0.50603 0.0393
0.46835 0.036136
0.48797 0.036181
0.57594 0.02097
0.5788 0.024245
0.60057 0.02149
0.60867 0.025908
0.58805 0.028773
0.59928 0.030779
0.59049 0.038721
0.59919 0.038813
0.62061 0.036846
0.57309 0.032268
0.55852 0.031461
0.63116 0.038371
0.64274 0.037559
0.55076 0.036782
0.53385 0.038311
0.62108 0.037703
0.57436 0.038804
0.53059 0.038644
0.54172 0.039677
0.56045 0.039768
0.61155 0.022505
0.63511 0.02906
0.62782 0.026513
0.65673 0.038094
0.62752 0.031002
0.83935 0.041287
0.65024 0.039528
0.63443 0.038549
0.60798 0.03974
0.58348 0.039249
0.63344 0.022306
0.89036 0.041443
0.64581 0.02441
0.91405 0.040942
0.87965 0.044253
0.92852 0.039465
0.6617 0.038922
0.72074 0.041335
0.66534 0.039111
0.82273 0.040555
0.95298 0.036085
0.95969 0.036768
0.65471 0.023114
0.96179 0.036952
0.67425 0.038861
0.96275 0.037072
0.96217 0.037002
0.9628 0.037076
0.66697 0.030093
0.80658 0.039533
0.67036 0.029471
0.96259 0.036992
0.96275 0.03705
0.67088 0.023239
0.96221 0.036904
0.68305 0.03897
0.71498 0.041906
0.96246 0.036959
0.9602 0.036604
0.68513 0.038943
0.74931 0.040896
0.68345 0.029203
0.70048 0.040978
0.95832 0.036417
0.69201 0.03928
0.92964 0.038428
0.68968 0.025767
0.72822 0.041363
0.93621 0.037815
0.91913 0.036675
0.69202 0.023563
0.89384 0.038016
0.70236 0.034242
0.71309 0.041962
0.87492 0.043625
0.85702 0.041492
0.7085 0.035274
0.82323 0.0397
0.71056 0.040201
0.7975 0.038616
0.78753 0.040277
0.71187 0.02548
0.77736 0.03856
0.71814 0.027563
0.77205 0.038116
0.77744 0.03857
0.77556 0.038373
0.72165 0.023315
0.77041 0.03832
0.72781 0.037784
0.78209 0.039453
0.77096 0.038218
0.77631 0.038239
0.73059 0.036334
0.79158 0.039473
0.73785 0.022836
0.74922 0.040175
0.7883 0.039855
0.807 0.038432
0.74396 0.022547
0.75327 0.040091
0.74653 0.036978
0.7569 0.040017
0.81819 0.041343
0.82885 0.036214
0.75226 0.023359
0.76102 0.039694
0.75673 0.037013
0.76622 0.037204
0.845 0.040938
0.84832 0.04074
0.75881 0.029833
0.78203 0.034167
0.76958 0.030019
0.78793 0.034319
0.84865 0.040259
0.85945 0.041098
0.77027 0.027276
0.79907 0.030293
0.78289 0.024582
0.8691 0.042989
0.86553 0.043433
0.87134 0.040109
0.79234 0.021737
0.81451 0.030528
0.80359 0.024355
0.88965 0.033117
0.81392 0.023581
0.85015 0.031571
0.83502 0.024014
0.8598 0.031672
0.89811 0.03263
0.85192 0.026403
0.92126 0.031103
0.86125 0.026805
0.9353 0.029154
0.92671 0.030513
0.93372 0.029535
0.86951 0.022002
0.89449 0.024589
0.88779 0.022232
0.954 0.027059
0.94812 0.026888
0.95832 0.02718
0.92127 0.02232
0.92628 0.02342
0.97166 0.021715
0.97521 0.023604
0.96252 0.027463
