345
0.020784 0.02698
0.02034 0.040454
0.031132 0.027395
0.021816 0.040486
0.021011 0.040454
0.022217 0.040457
0.036324 0.023045
0.029819 0.037081
0.039355 0.031185
0.025005 0.042363
0.02359 0.041129
0.050063 0.022489
0.025914 0.042694
0.060481 0.021821
0.026773 0.042728
0.026321 0.042714
0.027562 0.042884
0.078346 0.020932
0.047532 0.036385
0.087885 0.026822
0.037093 0.04407
0.030076 0.043331
0.034174 0.042946
0.1029 0.02369
0.042468 0.043876
0.11236 0.021446
0.051093 0.043516
0.045835 0.042501
0.051202 0.043512
0.12226 0.02469
0.066223 0.031935
0.13958 0.021599
0.098836 0.031247
0.068462 0.031504
0.074279 0.032632
0.14754 0.023618
0.10198 0.031961
0.15719 0.022421
0.13229 0.030808
0.073653 0.033036
0.073706 0.033515
0.15826 0.028632
0.1231 0.031398
0.16813 0.024557
0.12248 0.032929
0.071396 0.034012
0.065215 0.037012
0.17737 0.027259
0.06168 0.039564
0.1868 0.023072
0.1239 0.036085
0.061879 0.039457
0.069279 0.03607
0.19462 0.026691
0.072692 0.03562
0.19771 0.02909
0.16594 0.035097
0.073975 0.035563
0.079204 0.035927
0.20693 0.025558
0.16219 0.036826
0.19558 0.034239
0.082422 0.037804
0.080034 0.036458
0.22862 0.023185
0.083694 0.038557
0.23358 0.026977
0.18228 0.03895
0.084472 0.038934
0.086486 0.039396
0.24226 0.026329
0.085823 0.039765
0.23952 0.029396
0.084973 0.040199
0.085353 0.039955
0.084371 0.040338
0.25121 0.025938
0.22239 0.035223
0.26157 0.025143
0.078807 0.039516
0.081829 0.040289
0.078129 0.039286
0.25738 0.028772
0.22229 0.039365
0.24679 0.033807
0.047461 0.059802
0.035519 0.05613
0.26972 0.028635
0.21439 0.038839
0.26853 0.030067
0.13595 0.037016
0.030005 0.057782
0.029384 0.059463
0.26669 0.032943
0.029564 0.060457
0.27305 0.031305
0.10056 0.039947
0.030487 0.062415
0.031805 0.064471
0.28002 0.029796
0.2039 0.040151
0.30373 0.024118
0.032187 0.066258
0.031583 0.065208
0.032211 0.066289
0.27916 0.031689
0.05949 0.060364
0.27807 0.03262
0.065601 0.045953
0.032512 0.066498
0.30588 0.028877
0.073717 0.041982
0.31646 0.023765
0.041403 0.067807
0.033311 0.066911
0.033481 0.066993
0.31425 0.028586
0.033746 0.067066
0.27554 0.034489
0.033854 0.067087
0.033742 0.067065
0.033835 0.067084
0.29893 0.032176
0.03423 0.067177
0.33286 0.022088
0.11308 0.039417
0.14913 0.037951
0.051203 0.063035
0.050001 0.063156
0.34672 0.022167
0.32331 0.030647
0.36749 0.020739
0.36211 0.023776
0.32592 0.03195
0.35754 0.027133
0.29413 0.032835
0.33812 0.032311
0.33135 0.032823
0.049674 0.062782
0.051938 0.063069
0.36781 0.033829
0.36243 0.036364
0.24262 0.039066
0.31771 0.040101
0.34344 0.03592
0.29895 0.040339
0.32539 0.038937
0.28195 0.039294
0.2748 0.039941
0.38035 0.021387
0.37772 0.022953
0.39205 0.0202
0.38754 0.022552
0.37582 0.025022
0.39972 0.021204
0.38862 0.025495
0.36313 0.032674
0.37448 0.032115
0.37605 0.033188
0.38609 0.029751
0.33893 0.037873
0.36057 0.039317
0.39063 0.027084
0.39469 0.023853
0.28208 0.039484
0.36607 0.03978
0.38613 0.035392
0.39985 0.026439
0.38186 0.039347
0.37118 0.036894
0.394 0.035842
0.39689 0.027398
0.37432 0.039491
0.41596 0.020533
0.43501 0.021525
0.49119 0.020871
0.45622 0.024666
0.43745 0.023481
0.49605 0.0235
0.40977 0.024133
0.42112 0.035498
0.53465 0.026047
0.50222 0.029315
0.4142 0.029808
0.4223 0.038479
0.50169 0.030808
0.49011 0.034428
0.40186 0.024584
0.40457 0.025111
0.46892 0.031781
0.4414 0.033093
0.41251 0.032613
0.40774 0.029503
0.44325 0.036153
0.41618 0.039651
0.42796 0.035755
0.54922 0.020753
0.5526 0.023167
0.5811 0.021305
0.58975 0.025178
0.56582 0.02664
0.5797 0.029262
0.57574 0.034505
0.58445 0.036444
0.60493 0.03426
0.54657 0.029862
0.52816 0.029002
0.61629 0.038414
0.62458 0.035945
0.5165 0.033129
0.49796 0.035221
0.6055 0.03507
0.55149 0.034336
0.4914 0.034865
0.50713 0.037222
0.53283 0.035424
0.5929 0.022236
0.61938 0.028124
0.61243 0.026004
0.64083 0.036414
0.61217 0.03014
0.8411 0.042939
0.63322 0.037537
0.61811 0.03785
0.59332 0.03904
0.56421 0.034347
0.61794 0.022084
0.90269 0.0407
0.63175 0.02389
0.92512 0.041338
0.89077 0.039013
0.94159 0.041751
0.64908 0.037788
0.72017 0.03821
0.65246 0.037089
0.82818 0.041908
0.96094 0.042429
0.96534 0.043107
0.64127 0.022869
0.96671 0.043218
0.66499 0.035674
0.96741 0.043371
0.96699 0.043283
0.96745 0.043375
0.65439 0.028444
0.80334 0.040151
0.65907 0.027941
0.9673 0.043242
0.96742 0.043331
0.65988 0.022714
0.96702 0.043123
0.67547 0.036408
0.71254 0.039478
0.9672 0.043196
0.96568 0.042792
0.6781 0.036625
0.75587 0.037581
0.67507 0.027993
0.69381 0.039201
0.96449 0.042619
0.68467 0.03684
0.94277 0.040428
0.68225 0.02503
0.7305 0.036797
0.94922 0.041745
0.93117 0.036944
0.6849 0.023081
0.90544 0.038446
0.69636 0.031888
0.71055 0.039418
0.88306 0.037051
0.85543 0.041523
0.70451 0.033351
0.82863 0.040936
0.70754 0.037331
0.79808 0.040885
0.7909 0.041494
0.70837 0.024745
0.7821 0.040236
0.71492 0.026606
0.7777 0.040483
0.78216 0.040238
0.78058 0.040282
0.71906 0.022818
0.77631 0.040496
0.72875 0.033704
0.78616 0.040775
0.77679 0.040445
0.78126 0.039951
0.73194 0.032371
0.79447 0.041018
0.73975 0.022117
0.75543 0.035835
0.79168 0.040982
0.80558 0.03785
0.74878 0.02184
0.76024 0.037482
0.75249 0.0324
0.76426 0.038753
0.82265 0.040229
0.83338 0.037924
0.75947 0.022769
0.76836 0.039563
0.76425 0.034972
0.77299 0.037785
0.84628 0.042018
0.84917 0.041772
0.7673 0.029139
0.78723 0.034998
0.77712 0.031184
0.79279 0.035149
0.84966 0.041018
0.85783 0.039641
0.77785 0.028226
0.80321 0.031211
0.78915 0.024829
0.87122 0.036065
0.86366 0.039237
0.87736 0.033476
0.79835 0.021856
0.82077 0.030065
0.80853 0.024289
0.90284 0.032936
0.82031 0.023406
0.85387 0.031975
0.83982 0.024278
0.86363 0.029954
0.91076 0.033174
0.85592 0.026517
0.93405 0.031447
0.86566 0.025485
0.94707 0.031002
0.93929 0.031287
0.94572 0.031237
0.87774 0.021363
0.90744 0.024887
0.90159 0.022161
0.96102 0.029775
0.95671 0.029558
0.96403 0.029891
0.93414 0.022395
0.93888 0.023657
0.97382 0.022316
0.97645 0.024865
0.96705 0.03022
