345
0.021745 0.023135
0.020675 0.02923
0.050105 0.022221
0.023611 0.029246
0.022011 0.02923
0.02441 0.029231
0.066423 0.021089
0.043478 0.025433
0.073614 0.02439
0.029793 0.029338
0.027091 0.029248
0.099846 0.021211
0.031714 0.029149
0.11535 0.021637
0.033726 0.028877
0.032647 0.029024
0.035713 0.028598
0.13112 0.021097
0.090245 0.027077
0.13911 0.027454
0.061391 0.02812
0.042585 0.027697
0.054356 0.027186
0.15287 0.024413
0.074105 0.029523
0.16086 0.021861
0.095765 0.030432
0.082848 0.029697
0.096086 0.030457
0.16787 0.02674
0.12049 0.032466
0.17937 0.022141
0.15125 0.032827
0.12258 0.032791
0.12834 0.034666
0.18631 0.024289
0.15446 0.03409
0.19503 0.022771
0.18155 0.034309
0.1278 0.035094
0.12789 0.035611
0.19791 0.030273
0.17581 0.03536
0.20452 0.025427
0.17774 0.036873
0.12569 0.03612
0.11939 0.036862
0.21187 0.028284
0.1155 0.037171
0.2211 0.022821
0.18788 0.040658
0.11575 0.037206
0.12346 0.037865
0.23065 0.025926
0.12709 0.037836
0.23456 0.028563
0.21288 0.037019
0.12832 0.037793
0.13333 0.037698
0.24284 0.026839
0.21452 0.039682
0.23832 0.03474
0.13715 0.039095
0.13434 0.03811
0.25584 0.025447
0.13888 0.039784
0.25916 0.030861
0.23767 0.041562
0.14011 0.040158
0.14321 0.041096
0.26533 0.02817
0.1426 0.041505
0.26566 0.031838
0.14173 0.041954
0.14209 0.041679
0.14098 0.042068
0.2729 0.027051
0.25812 0.044215
0.28128 0.026513
0.13388 0.041553
0.13765 0.042196
0.133 0.041328
0.28075 0.031045
0.26121 0.049194
0.27909 0.037545
0.077632 0.036461
0.055145 0.031757
0.29076 0.030993
0.25557 0.051498
0.29145 0.032646
0.2067 0.047425
0.039609 0.033788
0.037155 0.03544
0.29362 0.035719
0.037024 0.036079
0.29775 0.035173
0.16081 0.044369
0.038087 0.037125
0.040398 0.038421
0.30187 0.035676
0.25086 0.052428
0.3094 0.027534
0.040811 0.041449
0.03952 0.039932
0.040872 0.041487
0.30435 0.039613
0.10254 0.042114
0.30495 0.041251
0.11903 0.045167
0.041797 0.041548
0.31275 0.036687
0.12856 0.045255
0.31625 0.026625
0.068116 0.040673
0.044334 0.041555
0.044808 0.041522
0.31693 0.034764
0.045518 0.041407
0.3057 0.045181
0.045798 0.041334
0.04551 0.041409
0.045751 0.041349
0.31271 0.04514
0.046748 0.04091
0.32549 0.023948
0.17763 0.045416
0.21474 0.047743
0.083098 0.042418
0.081718 0.042907
0.3327 0.024325
0.32576 0.037428
0.34538 0.02094
0.34078 0.025578
0.33029 0.039426
0.34182 0.030702
0.31162 0.049357
0.34057 0.039365
0.33647 0.041301
0.081233 0.041417
0.083871 0.042547
0.37648 0.035295
0.38469 0.038406
0.28437 0.048508
0.35156 0.04121
0.38047 0.041071
0.39054 0.042194
0.3708 0.041347
0.39449 0.04192
0.41072 0.039718
0.40029 0.021212
0.38842 0.02304
0.47843 0.020087
0.46301 0.021761
0.38248 0.025312
0.50336 0.020399
0.46728 0.023408
0.36066 0.031876
0.41503 0.030252
0.42933 0.029427
0.45461 0.027643
0.42671 0.035052
0.43622 0.035261
0.47415 0.023561
0.48651 0.021392
0.42851 0.039879
0.45016 0.04198
0.45277 0.032193
0.50379 0.022136
0.45375 0.037641
0.4628 0.045612
0.46912 0.028692
0.49409 0.022494
0.46204 0.039944
0.54457 0.020295
0.5717 0.021303
0.60921 0.02148
0.58821 0.027037
0.57425 0.023255
0.61178 0.025809
0.53253 0.021789
0.54913 0.029656
0.63117 0.030334
0.60824 0.034802
0.53966 0.024947
0.5488 0.033412
0.60596 0.037014
0.58001 0.042948
0.51036 0.021536
0.51853 0.021775
0.5721 0.04095
0.56995 0.033313
0.53584 0.025798
0.52582 0.023751
0.56174 0.04144
0.5446 0.047338
0.55779 0.031825
0.64393 0.021397
0.64594 0.026122
0.65932 0.022847
0.66299 0.030708
0.64792 0.033287
0.65361 0.037802
0.64384 0.044892
0.64652 0.047467
0.66967 0.042137
0.63379 0.036624
0.6231 0.035607
0.67468 0.05416
0.67882 0.052386
0.61183 0.04076
0.58838 0.042762
0.66986 0.043318
0.62777 0.044542
0.57896 0.043869
0.59584 0.044074
0.61357 0.044901
0.66493 0.024472
0.67916 0.036271
0.67613 0.030989
0.69066 0.042832
0.67518 0.038262
0.83569 0.048092
0.68307 0.050734
0.67543 0.054117
0.65269 0.048475
0.63336 0.045684
0.67877 0.024122
0.89118 0.043095
0.68531 0.026633
0.91366 0.040349
0.88207 0.04593
0.93071 0.038702
0.69794 0.045039
0.7481 0.050635
0.7013 0.044646
0.82914 0.048005
0.95551 0.040229
0.96086 0.040826
0.692 0.023857
0.96286 0.041072
0.70787 0.044755
0.96388 0.041185
0.96324 0.041119
0.96394 0.041186
0.7026 0.031449
0.81302 0.051367
0.70542 0.030828
0.96372 0.041024
0.96389 0.041126
0.70599 0.023715
0.96333 0.040907
0.71597 0.042747
0.74387 0.049967
0.96359 0.040976
0.9615 0.040519
0.71831 0.042865
0.76206 0.050827
0.71713 0.030442
0.72918 0.054553
0.95979 0.040195
0.72437 0.047241
0.93374 0.036232
0.72301 0.027739
0.7533 0.048419
0.94114 0.03799
0.92206 0.035165
0.72479 0.02503
0.89472 0.038786
0.73074 0.039382
0.74243 0.047707
0.87742 0.043928
0.85164 0.045488
0.73653 0.038507
0.82968 0.044982
0.7397 0.043338
0.80923 0.048897
0.80284 0.049644
0.73948 0.026565
0.79569 0.049653
0.74393 0.029745
0.79196 0.049174
0.79575 0.049662
0.79449 0.049438
0.7468 0.024369
0.79003 0.048896
0.75251 0.042066
0.79845 0.048007
0.79077 0.048731
0.79487 0.048384
0.75463 0.040553
0.8062 0.046857
0.75964 0.023577
0.76394 0.043547
0.80335 0.04733
0.81357 0.045373
0.76422 0.023103
0.76625 0.043125
0.76403 0.039389
0.76952 0.041912
0.82508 0.042909
0.83278 0.041855
0.7711 0.02336
0.7756 0.04075
0.77293 0.035899
0.7857 0.039811
0.84358 0.041098
0.84793 0.040588
0.77978 0.029229
0.79775 0.038748
0.78974 0.034177
0.80264 0.038142
0.84868 0.039621
0.85657 0.039737
0.78959 0.030543
0.81022 0.034909
0.79753 0.025859
0.86957 0.038973
0.86162 0.039655
0.87484 0.038042
0.80592 0.02224
0.82223 0.031684
0.81344 0.026109
0.89347 0.03375
0.8217 0.023983
0.85283 0.031306
0.8381 0.025025
0.86309 0.029913
0.90165 0.032307
0.85484 0.026261
0.92757 0.02957
0.8649 0.025749
0.94425 0.029132
0.93424 0.02906
0.94253 0.029092
0.87511 0.02185
0.89894 0.024886
0.89323 0.022331
0.95933 0.029131
0.9552 0.029068
0.96255 0.029262
0.92822 0.021997
0.9342 0.022947
0.97346 0.022181
0.97624 0.024596
0.96615 0.029504
