345
0.021002 0.025552
0.022529 0.042671
0.035559 0.024878
0.033708 0.042675
0.027531 0.042671
0.03657 0.042678
0.043307 0.021901
0.04725 0.032179
0.053009 0.027372
0.057864 0.042735
0.046752 0.042689
0.06414 0.021884
0.063473 0.042765
0.073908 0.022394
0.070563 0.042805
0.06679 0.042783
0.075962 0.04285
0.084779 0.021337
0.083367 0.033102
0.097536 0.028081
0.097802 0.043078
0.085013 0.042925
0.09415 0.043027
0.10649 0.024245
0.10336 0.043157
0.11534 0.021799
0.11039 0.043262
0.10663 0.043204
0.11049 0.043264
0.12281 0.026416
0.11985 0.043443
0.1345 0.021905
0.13384 0.033319
0.12126 0.043471
0.13583 0.043841
0.14268 0.023494
0.14429 0.035123
0.15418 0.022137
0.15486 0.032538
0.14167 0.04403
0.15024 0.04435
0.15967 0.02814
0.1584 0.034574
0.16638 0.024576
0.16827 0.036386
0.15769 0.044772
0.1716 0.045868
0.17496 0.027383
0.18037 0.046948
0.18458 0.022502
0.18334 0.037807
0.18069 0.04699
0.18812 0.047974
0.1955 0.025169
0.19285 0.048723
0.20066 0.02759
0.20119 0.036775
0.19461 0.04902
0.20252 0.050703
0.20953 0.026188
0.21109 0.042227
0.21409 0.033701
0.21527 0.056029
0.20918 0.053319
0.22331 0.025242
0.21938 0.058584
0.22885 0.030645
0.22568 0.044886
0.22092 0.059418
0.22455 0.061652
0.23305 0.028257
0.22745 0.064587
0.23603 0.032109
0.23036 0.067457
0.22883 0.065981
0.23124 0.068546
0.24046 0.027865
0.24054 0.047328
0.24754 0.028
0.23355 0.074773
0.23287 0.071993
0.23359 0.075234
0.24937 0.033557
0.24885 0.055145
0.25216 0.042543
0.23018 0.083991
0.22825 0.086475
0.25671 0.035122
0.25117 0.064441
0.25785 0.037531
0.25029 0.073622
0.22447 0.090136
0.22121 0.093638
0.26052 0.043337
0.2202 0.094788
0.26257 0.042428
0.24849 0.082708
0.21872 0.096868
0.21692 0.099592
0.26483 0.043113
0.25664 0.075097
0.26789 0.030128
0.21183 0.10689
0.21553 0.10145
0.21156 0.10729
0.26731 0.050479
0.24064 0.095481
0.26884 0.054206
0.24359 0.094526
0.21011 0.10931
0.27131 0.042107
0.24566 0.095001
0.27307 0.028491
0.23178 0.10371
0.20666 0.11721
0.20672 0.11873
0.2744 0.038768
0.20821 0.11965
0.27279 0.065615
0.20902 0.11943
0.20818 0.11965
0.20883 0.11953
0.27443 0.0602
0.21306 0.11648
0.28045 0.025392
0.25616 0.096631
0.26137 0.092678
0.2338 0.11067
0.23185 0.11168
0.2854 0.026556
0.28181 0.044565
0.29333 0.021569
0.29043 0.029054
0.28503 0.050032
0.29109 0.037483
0.27863 0.077915
0.29047 0.053351
0.28852 0.057028
0.23601 0.1098
0.23398 0.11105
0.31287 0.035239
0.3222 0.035901
0.27688 0.08577
0.29541 0.062405
0.31526 0.040385
0.32926 0.039145
0.30275 0.055195
0.33388 0.037912
0.3473 0.036372
0.34412 0.020909
0.32886 0.022502
0.46173 0.020263
0.44017 0.021773
0.32172 0.024655
0.48268 0.021939
0.44417 0.024195
0.30055 0.039047
0.3637 0.026266
0.39173 0.025374
0.42939 0.025277
0.37978 0.027724
0.39424 0.028485
0.45407 0.026718
0.46952 0.027942
0.37262 0.030451
0.38769 0.03195
0.42556 0.028354
0.48302 0.030333
0.41908 0.030509
0.40793 0.033585
0.44652 0.031945
0.47098 0.032839
0.43165 0.033087
0.53986 0.020314
0.58505 0.020962
0.67523 0.02092
0.63241 0.0225
0.58904 0.021942
0.67908 0.024084
0.52972 0.024576
0.54613 0.027149
0.69834 0.033375
0.67445 0.028983
0.53569 0.027082
0.54668 0.029716
0.67114 0.029884
0.64418 0.029683
0.50906 0.028069
0.51856 0.029478
0.61273 0.028718
0.58746 0.029039
0.53129 0.032447
0.52171 0.034213
0.6222 0.0316
0.61405 0.033505
0.5739 0.03292
0.70822 0.021596
0.71014 0.026817
0.72089 0.024525
0.7227 0.039036
0.71261 0.034766
0.71828 0.044936
0.71157 0.048638
0.71453 0.055502
0.72284 0.074787
0.7017 0.041722
0.69333 0.037731
0.73129 0.086717
0.73577 0.093526
0.68355 0.036067
0.65587 0.033309
0.72201 0.078784
0.69986 0.054358
0.65216 0.034706
0.66465 0.039186
0.69009 0.047095
0.72398 0.028343
0.72748 0.060635
0.72784 0.045186
0.73237 0.069448
0.72565 0.065597
0.75742 0.10854
0.73701 0.093766
0.73285 0.090353
0.71777 0.07461
0.70334 0.057941
0.73046 0.029243
0.76496 0.11571
0.73257 0.034973
0.76965 0.11831
0.76377 0.11465
0.77134 0.1186
0.73708 0.06759
0.74954 0.091909
0.73777 0.064815
0.75999 0.09953
0.77556 0.11758
0.77852 0.11639
0.73623 0.028163
0.78078 0.11483
0.74046 0.05972
0.7828 0.11233
0.78132 0.11426
0.78307 0.11173
0.73959 0.039679
0.76108 0.09189
0.74163 0.037371
0.78399 0.10455
0.78347 0.10894
0.74361 0.025915
0.78352 0.10158
0.74665 0.050288
0.75428 0.076018
0.78388 0.10324
0.78177 0.09653
0.74868 0.048602
0.75857 0.078347
0.75066 0.032758
0.75505 0.06719
0.78031 0.093766
0.75342 0.050563
0.77701 0.087006
0.75686 0.028382
0.76197 0.069807
0.7775 0.088411
0.77667 0.085
0.75862 0.02525
0.77647 0.082795
0.76167 0.03762
0.76462 0.053636
0.77638 0.080967
0.77624 0.076587
0.76846 0.034746
0.77625 0.074161
0.76975 0.040072
0.77748 0.070494
0.77855 0.06846
0.77469 0.025116
0.78109 0.065057
0.7824 0.02672
0.78513 0.061153
0.78102 0.065124
0.78283 0.06344
0.78538 0.022951
0.78762 0.05887
0.79157 0.033762
0.79385 0.055407
0.78915 0.0578
0.79159 0.056553
0.7982 0.031768
0.80033 0.052196
0.80569 0.022025
0.80734 0.03852
0.79795 0.053239
0.8053 0.050485
0.81465 0.021607
0.81203 0.037358
0.8195 0.030164
0.82056 0.03484
0.81501 0.047841
0.81934 0.047168
0.82872 0.021667
0.82986 0.033497
0.83777 0.028088
0.84075 0.033179
0.83196 0.045645
0.84136 0.045003
0.84746 0.024726
0.85089 0.033926
0.85993 0.028286
0.85568 0.034281
0.85238 0.044378
0.86036 0.044133
0.86462 0.026181
0.87133 0.032473
0.87763 0.023988
0.87413 0.043735
0.86596 0.043969
0.8785 0.043613
0.88883 0.021793
0.88726 0.031939
0.8976 0.025497
0.89877 0.043172
0.90605 0.024129
0.90263 0.035281
0.9191 0.026342
0.91628 0.033911
0.90657 0.043072
0.92507 0.0287
0.92165 0.042928
0.93357 0.028437
0.93639 0.042821
0.92857 0.042869
0.93512 0.042828
0.94723 0.023202
0.94876 0.032207
0.95606 0.025548
0.95367 0.042737
0.94811 0.042758
0.95774 0.042727
0.96595 0.02783
0.96436 0.031749
0.97806 0.027702
0.97827 0.034905
0.9625 0.042715
