345
0.02109 0.025019
0.020419 0.034776
0.03548 0.025278
0.022238 0.034802
0.021247 0.034776
0.022733 0.034779
0.042719 0.022136
0.032625 0.032262
0.046791 0.02777
0.026013 0.036396
0.024386 0.035337
0.062774 0.021809
0.027072 0.036687
0.076043 0.021572
0.028097 0.036717
0.027557 0.036705
0.029021 0.036856
0.094394 0.020952
0.057207 0.031399
0.10367 0.027171
0.040128 0.037353
0.031946 0.037236
0.036922 0.036623
0.11729 0.02434
0.047164 0.036782
0.12511 0.021874
0.060054 0.036781
0.052646 0.03557
0.060216 0.036801
0.13223 0.02688
0.081921 0.031124
0.14328 0.022297
0.11376 0.032754
0.084393 0.031049
0.090236 0.032675
0.14931 0.024848
0.1164 0.033935
0.15672 0.022907
0.13858 0.036463
0.089565 0.033038
0.089565 0.033514
0.15754 0.030238
0.13273 0.036861
0.16665 0.024773
0.13229 0.038989
0.087118 0.03384
0.07983 0.035453
0.17583 0.027036
0.075162 0.036747
0.18594 0.022819
0.1331 0.04394
0.075421 0.036712
0.084559 0.035457
0.19461 0.025999
0.088268 0.035509
0.19803 0.0281
0.16413 0.036281
0.089605 0.035547
0.094742 0.03625
0.20853 0.024861
0.16006 0.039088
0.19625 0.032707
0.09771 0.038328
0.095486 0.036832
0.23272 0.022987
0.098927 0.039165
0.23811 0.026884
0.18147 0.037813
0.099678 0.039592
0.10165 0.040182
0.24635 0.026676
0.10097 0.040522
0.24387 0.02971
0.10009 0.040919
0.10049 0.040689
0.099476 0.041028
0.25465 0.026194
0.22618 0.033788
0.26498 0.024957
0.094047 0.039828
0.096944 0.04082
0.093402 0.039547
0.26042 0.028743
0.2263 0.037551
0.25046 0.035029
0.045234 0.048812
0.034462 0.048221
0.27372 0.02818
0.21776 0.036771
0.27245 0.029453
0.1406 0.045387
0.028583 0.050665
0.027483 0.05248
0.2705 0.032031
0.027264 0.053745
0.27736 0.030938
0.11447 0.042845
0.02718 0.056665
0.027219 0.060297
0.28436 0.029897
0.20661 0.037673
0.30783 0.02385
0.026748 0.063742
0.026794 0.061743
0.02675 0.0638
0.28373 0.031752
0.061084 0.049403
0.28277 0.032605
0.078293 0.04264
0.026856 0.064178
0.31018 0.028172
0.088513 0.041595
0.32177 0.02368
0.031695 0.064001
0.027196 0.064878
0.027272 0.065008
0.31933 0.028234
0.027404 0.065105
0.28042 0.034246
0.027459 0.065126
0.027402 0.065104
0.02745 0.065125
0.30284 0.031782
0.027652 0.065221
0.33725 0.022302
0.12526 0.045295
0.14978 0.043955
0.046529 0.051733
0.044511 0.052288
0.34964 0.022436
0.32868 0.03101
0.3695 0.020701
0.36371 0.02378
0.33134 0.032596
0.35923 0.027455
0.29808 0.032845
0.34235 0.033677
0.33637 0.034124
0.044571 0.051862
0.047583 0.051562
0.36984 0.033088
0.36358 0.036379
0.24653 0.04
0.32579 0.04042
0.34686 0.037791
0.30392 0.039645
0.3322 0.040329
0.28725 0.03975
0.28018 0.039522
0.38301 0.02144
0.38051 0.022991
0.39343 0.020222
0.38941 0.022825
0.37847 0.024992
0.40024 0.021282
0.39037 0.026137
0.36464 0.032575
0.37722 0.031893
0.37908 0.033158
0.38814 0.030655
0.34329 0.039938
0.36123 0.039874
0.39217 0.027901
0.39577 0.024208
0.28739 0.039966
0.36773 0.039136
0.38848 0.036871
0.40036 0.026849
0.38525 0.040538
0.37376 0.036042
0.39504 0.03731
0.39774 0.027989
0.37768 0.039139
0.41641 0.020509
0.43814 0.021337
0.49436 0.020878
0.46045 0.024701
0.44104 0.023117
0.49917 0.023535
0.41022 0.024164
0.41958 0.034201
0.53465 0.02739
0.50529 0.029427
0.41459 0.029488
0.41978 0.036772
0.50477 0.030936
0.49329 0.034546
0.40231 0.024824
0.40502 0.025299
0.47266 0.032382
0.44511 0.032102
0.41216 0.032361
0.40816 0.029684
0.44678 0.035131
0.41343 0.039102
0.42829 0.033598
0.54641 0.020944
0.54909 0.023981
0.57342 0.021422
0.58153 0.025457
0.55977 0.027802
0.57216 0.030146
0.56863 0.036139
0.57648 0.037689
0.59628 0.034478
0.54431 0.032314
0.52929 0.030776
0.60759 0.038452
0.61587 0.03587
0.51935 0.03431
0.50108 0.035383
0.59685 0.035288
0.54821 0.038038
0.49457 0.034993
0.51013 0.037455
0.53315 0.03879
0.58458 0.022327
0.61067 0.028123
0.60375 0.026034
0.63232 0.036148
0.60349 0.030193
0.84156 0.038847
0.62461 0.037328
0.6094 0.037866
0.58498 0.039788
0.55838 0.037007
0.60924 0.022086
0.90263 0.041799
0.62312 0.023847
0.92521 0.041079
0.89199 0.041197
0.94224 0.041823
0.64073 0.037424
0.71326 0.038626
0.64419 0.036711
0.82678 0.038256
0.96123 0.042805
0.96557 0.043471
0.63276 0.022822
0.96691 0.043576
0.65703 0.035228
0.96761 0.043728
0.96719 0.043641
0.96765 0.043732
0.64616 0.02825
0.80209 0.039901
0.65095 0.02774
0.96749 0.043598
0.96761 0.043687
0.65178 0.022644
0.96722 0.043478
0.66786 0.035871
0.70573 0.039646
0.9674 0.043552
0.9659 0.043149
0.67058 0.036087
0.74745 0.038226
0.66745 0.027732
0.68679 0.038662
0.96472 0.04298
0.67737 0.036318
0.94339 0.04056
0.67487 0.024871
0.72326 0.037506
0.94973 0.042153
0.93158 0.0367
0.67761 0.022986
0.90551 0.039152
0.68942 0.031592
0.70376 0.039509
0.88542 0.039164
0.8634 0.040404
0.69777 0.033245
0.82713 0.037062
0.70079 0.037303
0.79732 0.039567
0.78816 0.038456
0.70161 0.024745
0.77607 0.03747
0.70807 0.026692
0.77075 0.038385
0.77615 0.037461
0.77406 0.037756
0.71216 0.022877
0.76921 0.038612
0.72159 0.034238
0.78155 0.0373
0.76973 0.03849
0.77491 0.037359
0.72462 0.032916
0.79301 0.038809
0.73206 0.022219
0.74702 0.036446
0.78908 0.038127
0.80352 0.037914
0.74071 0.021934
0.75158 0.037737
0.74423 0.033004
0.7558 0.038599
0.82021 0.037506
0.83245 0.03434
0.75082 0.022822
0.76035 0.038949
0.7557 0.034855
0.7653 0.036666
0.84961 0.03752
0.85403 0.037598
0.75875 0.028919
0.78168 0.032415
0.7691 0.030129
0.78886 0.033169
0.85465 0.037035
0.86547 0.039118
0.76983 0.027407
0.79932 0.030949
0.78321 0.023954
0.87563 0.037945
0.87019 0.040746
0.88051 0.035101
0.7943 0.021718
0.81659 0.028898
0.80416 0.024388
0.90327 0.033593
0.816 0.023031
0.85871 0.03053
0.84014 0.023399
0.86821 0.030495
0.91106 0.033393
0.86083 0.025964
0.93462 0.031345
0.86998 0.025967
0.9476 0.031166
0.93997 0.031296
0.94628 0.031378
0.88081 0.021527
0.90799 0.02502
0.90225 0.022284
0.96129 0.029938
0.95706 0.029727
0.96426 0.030048
0.93472 0.022374
0.93955 0.023657
0.97391 0.022349
0.9765 0.024935
0.96724 0.030375
