345
0.022486 0.022201
0.020959 0.026479
0.060443 0.021826
0.025127 0.02649
0.022856 0.026479
0.026261 0.02648
0.079649 0.020939
0.052083 0.02429
0.087982 0.023659
0.033895 0.02662
0.030067 0.026492
0.12012 0.021019
0.036642 0.026616
0.13801 0.021344
0.03953 0.026522
0.037981 0.026573
0.042362 0.026417
0.15975 0.020816
0.10872 0.025753
0.16984 0.025867
0.073888 0.02697
0.050974 0.026036
0.065637 0.025977
0.18831 0.023041
0.088555 0.027919
0.20043 0.021222
0.11565 0.028648
0.099407 0.027754
0.11602 0.028675
0.21112 0.02432
0.14485 0.02939
0.23007 0.021322
0.18578 0.029022
0.1477 0.029319
0.15603 0.030746
0.24088 0.022695
0.19042 0.029556
0.25466 0.021623
0.2337 0.02886
0.15529 0.031026
0.15549 0.03141
0.25946 0.02579
0.22388 0.029447
0.27215 0.022902
0.22741 0.030394
0.1523 0.031617
0.14363 0.032956
0.2859 0.024819
0.13869 0.034082
0.3001 0.022221
0.24236 0.033057
0.13897 0.034072
0.14928 0.032872
0.31037 0.025498
0.15457 0.032979
0.31417 0.027711
0.28652 0.030001
0.15641 0.033043
0.16336 0.033404
0.32425 0.024689
0.28922 0.032077
0.31708 0.032283
0.16779 0.034875
0.16455 0.03382
0.34825 0.023087
0.16975 0.035559
0.35406 0.027073
0.31445 0.038451
0.17113 0.035905
0.17459 0.036257
0.36234 0.026874
0.17389 0.036688
0.3627 0.030075
0.17291 0.037205
0.17331 0.036921
0.17209 0.037385
0.37007 0.026904
0.35099 0.03444
0.37855 0.026426
0.16441 0.036422
0.16849 0.037369
0.16341 0.036145
0.37806 0.030853
0.35743 0.039635
0.3768 0.036952
0.093231 0.033501
0.066808 0.029856
0.38798 0.031984
0.34313 0.036082
0.38864 0.033936
0.27037 0.03417
0.04726 0.030566
0.044185 0.03162
0.39022 0.037738
0.044018 0.032087
0.39324 0.036566
0.19907 0.036029
0.04544 0.032964
0.048143 0.034113
0.39663 0.035343
0.32972 0.037261
0.40687 0.02644
0.048521 0.035929
0.047166 0.03498
0.048585 0.035955
0.39798 0.038394
0.12688 0.039751
0.39814 0.039818
0.14386 0.039443
0.049535 0.036064
0.41042 0.034423
0.15779 0.038595
0.41477 0.026243
0.083147 0.038132
0.052199 0.036298
0.052776 0.036343
0.41525 0.034191
0.053669 0.036385
0.39801 0.042502
0.054033 0.03639
0.053658 0.036385
0.053971 0.036391
0.40955 0.040533
0.055364 0.036329
0.42346 0.024509
0.22752 0.035528
0.28832 0.035977
0.1018 0.037571
0.10004 0.037894
0.42942 0.025322
0.42319 0.039906
0.43933 0.021506
0.43574 0.027894
0.42629 0.043258
0.43596 0.035624
0.40759 0.042006
0.43407 0.048216
0.43088 0.047437
0.09903 0.037142
0.10288 0.037617
0.44821 0.049633
0.44732 0.054995
0.38451 0.044695
0.43771 0.057716
0.44417 0.058755
0.43957 0.066159
0.44133 0.060387
0.43837 0.06822
0.43868 0.070499
0.45854 0.022167
0.457 0.024786
0.46644 0.020257
0.46313 0.023559
0.45544 0.028556
0.47349 0.021492
0.46393 0.027524
0.44375 0.046742
0.45668 0.042971
0.4581 0.043686
0.46197 0.034089
0.44648 0.065924
0.45 0.064268
0.4654 0.029323
0.46865 0.024776
0.4403 0.071984
0.4531 0.065786
0.46213 0.044458
0.47361 0.027992
0.46177 0.059356
0.45822 0.070825
0.46679 0.040392
0.47084 0.028997
0.4604 0.066649
0.48463 0.020952
0.49445 0.023104
0.51279 0.022747
0.50262 0.034422
0.49554 0.027528
0.51425 0.030687
0.48124 0.026663
0.48547 0.049069
0.5263 0.037535
0.51431 0.047484
0.48372 0.037038
0.48689 0.062549
0.51369 0.052056
0.50899 0.067469
0.47543 0.02587
0.47765 0.026928
0.50305 0.065732
0.49536 0.051669
0.48252 0.04088
0.48 0.034252
0.49641 0.067291
0.48618 0.073184
0.48897 0.051544
0.53291 0.022147
0.53421 0.029214
0.54379 0.023449
0.54707 0.031781
0.53714 0.039565
0.54156 0.044608
0.53898 0.059489
0.54151 0.06274
0.55421 0.039973
0.52966 0.047587
0.52278 0.047114
0.56071 0.046617
0.56657 0.043086
0.51888 0.057964
0.5118 0.065991
0.55447 0.040929
0.53037 0.061418
0.50941 0.068703
0.51541 0.06667
0.52328 0.064323
0.54867 0.024658
0.56606 0.031674
0.56165 0.028352
0.58259 0.038197
0.56068 0.034153
0.79646 0.03594
0.57292 0.041707
0.56175 0.046065
0.54447 0.061686
0.53454 0.062538
0.56532 0.022975
0.87763 0.039056
0.57494 0.02481
0.90402 0.040214
0.8675 0.039303
0.91886 0.039894
0.58996 0.04236
0.66344 0.040524
0.59273 0.042218
0.78533 0.036928
0.94524 0.036121
0.95217 0.035835
0.58368 0.023169
0.95482 0.035811
0.59827 0.041695
0.95624 0.035794
0.95535 0.035807
0.95633 0.03579
0.59537 0.030478
0.7596 0.038749
0.59841 0.029896
0.95605 0.035718
0.95627 0.035763
0.59902 0.023381
0.9555 0.03568
0.60766 0.037915
0.65733 0.0398
0.95585 0.035701
0.953 0.0356
0.61085 0.036977
0.68474 0.038857
0.61205 0.027783
0.63102 0.038374
0.95088 0.035543
0.62038 0.036674
0.92197 0.037211
0.62066 0.024893
0.67066 0.039277
0.9285 0.037858
0.91186 0.036186
0.62366 0.023026
0.88249 0.035521
0.63446 0.031036
0.65501 0.038208
0.86057 0.035918
0.83041 0.037005
0.64493 0.031353
0.78647 0.035032
0.65048 0.034993
0.7527 0.036718
0.73877 0.036078
0.64911 0.024188
0.7239 0.03647
0.65587 0.026445
0.71912 0.037115
0.72398 0.036463
0.7221 0.036641
0.66014 0.022916
0.71742 0.037421
0.66926 0.035156
0.73007 0.035532
0.71804 0.037214
0.72306 0.036157
0.67216 0.034101
0.74707 0.035535
0.67884 0.022413
0.68743 0.034653
0.7406 0.035287
0.76112 0.035705
0.6859 0.021976
0.69207 0.034443
0.68689 0.032257
0.69848 0.034248
0.77935 0.034643
0.79215 0.032593
0.69739 0.022228
0.70619 0.034802
0.70171 0.030886
0.71507 0.034198
0.81123 0.032037
0.81993 0.03212
0.70918 0.026841
0.73248 0.031054
0.7209 0.029402
0.74195 0.030699
0.82152 0.031794
0.83417 0.035182
0.72201 0.026956
0.75631 0.02909
0.73546 0.023467
0.84727 0.034027
0.83907 0.036889
0.8558 0.032067
0.74984 0.021343
0.77567 0.027621
0.76214 0.023849
0.88105 0.031381
0.77488 0.0226
0.82879 0.027609
0.80241 0.022911
0.84039 0.028513
0.89108 0.030562
0.83143 0.024495
0.91709 0.030323
0.84243 0.024799
0.9332 0.028508
0.92342 0.029553
0.93148 0.02868
0.85672 0.021232
0.88811 0.02403
0.88084 0.021928
0.95142 0.027026
0.94628 0.027206
0.95561 0.026983
0.91775 0.022156
0.92339 0.023108
0.97083 0.021555
0.97473 0.023276
0.96057 0.026999
