345
0.020714 0.027791
0.020856 0.057345
0.031087 0.026878
0.02458 0.05751
0.022548 0.057345
0.025588 0.057359
0.036592 0.022791
0.036773 0.03799
0.042842 0.0314
0.03251 0.058907
0.028994 0.057535
0.049887 0.02309
0.034978 0.059135
0.055789 0.023894
0.037631 0.05983
0.036202 0.059456
0.040212 0.06
0.062646 0.022107
0.056829 0.040755
0.070283 0.032216
0.055835 0.056334
0.046749 0.058332
0.052827 0.057097
0.076822 0.026067
0.060666 0.054973
0.08326 0.022478
0.066058 0.054188
0.063128 0.054559
0.066137 0.054179
0.088844 0.028695
0.072885 0.053836
0.097353 0.022608
0.091092 0.038376
0.073666 0.05401
0.078437 0.057846
0.1034 0.024797
0.095558 0.041067
0.11166 0.022916
0.10557 0.037416
0.078521 0.059667
0.079386 0.061619
0.11508 0.031168
0.10484 0.040499
0.12072 0.026323
0.10735 0.043564
0.077888 0.064288
0.074858 0.068339
0.12649 0.030471
0.073311 0.070083
0.13353 0.023589
0.11344 0.04582
0.073433 0.070087
0.077484 0.069641
0.14106 0.027242
0.080776 0.069033
0.14442 0.030323
0.13152 0.042427
0.082185 0.068736
0.088631 0.067197
0.1515 0.028044
0.134 0.046511
0.14878 0.037494
0.094534 0.066834
0.090169 0.067471
0.16246 0.026464
0.097234 0.066676
0.16544 0.032933
0.14955 0.046676
0.098844 0.066377
0.10185 0.066117
0.17049 0.029905
0.1016 0.067403
0.17088 0.034371
0.10108 0.068917
0.10127 0.068147
0.10045 0.069635
0.17666 0.029068
0.16536 0.049567
0.18295 0.028806
0.090992 0.074636
0.096347 0.0724
0.089781 0.074998
0.18242 0.034873
0.16581 0.056202
0.18096 0.043663
0.05654 0.081241
0.046107 0.083272
0.18933 0.035368
0.15902 0.059302
0.18959 0.037695
0.13627 0.061067
0.035415 0.087429
0.031483 0.089587
0.19061 0.042082
0.030336 0.090625
0.19349 0.040884
0.11237 0.071329
0.02858 0.093281
0.026562 0.099708
0.19623 0.040895
0.15506 0.061765
0.20344 0.029118
0.025864 0.11609
0.026059 0.10669
0.025845 0.11647
0.19717 0.045803
0.064562 0.08416
0.19718 0.048278
0.076674 0.082104
0.025913 0.11784
0.20533 0.039226
0.085036 0.081112
0.20951 0.027549
0.038858 0.094717
0.026175 0.12061
0.026245 0.12088
0.20996 0.036668
0.026405 0.12068
0.1959 0.05476
0.026484 0.12043
0.026403 0.12069
0.026468 0.12049
0.20346 0.051438
0.026887 0.11826
0.21783 0.024943
0.11758 0.073043
0.14078 0.065312
0.041032 0.098914
0.040065 0.10146
0.22304 0.026151
0.21878 0.042166
0.23134 0.021478
0.2283 0.028586
0.22212 0.047508
0.22878 0.036567
0.19968 0.058691
0.22768 0.051575
0.2256 0.054627
0.043007 0.09589
0.041226 0.099067
0.2524 0.034412
0.26247 0.035863
0.18298 0.063451
0.23323 0.059618
0.25498 0.039484
0.27058 0.040336
0.24111 0.052259
0.27548 0.04035
0.28993 0.041667
0.28185 0.021156
0.2687 0.022646
0.43079 0.020097
0.3813 0.02089
0.26163 0.024618
0.4842 0.020734
0.38945 0.022015
0.23874 0.037683
0.29601 0.029909
0.31282 0.027234
0.36115 0.023009
0.30557 0.032791
0.31472 0.030653
0.41126 0.022824
0.45326 0.022673
0.30334 0.037864
0.31125 0.037709
0.35458 0.024968
0.48477 0.023935
0.34407 0.026763
0.32837 0.031298
0.39436 0.025588
0.45773 0.024298
0.36515 0.027271
0.60268 0.020134
0.65928 0.020592
0.73211 0.021165
0.70284 0.0236
0.66484 0.021393
0.73519 0.024781
0.57757 0.021807
0.61508 0.023727
0.75486 0.031276
0.73136 0.031502
0.59215 0.022874
0.61578 0.025157
0.72874 0.033058
0.70939 0.035196
0.51597 0.022646
0.54717 0.023147
0.6851 0.02801
0.66289 0.026142
0.58147 0.02498
0.55613 0.025042
0.69469 0.032928
0.68653 0.03254
0.63637 0.026131
0.76759 0.021213
0.7702 0.025079
0.78529 0.023195
0.78817 0.033423
0.77316 0.030797
0.78121 0.037314
0.77002 0.040729
0.77461 0.044194
0.79348 0.052653
0.75746 0.037868
0.74778 0.035974
0.82263 0.055116
0.84471 0.058808
0.73712 0.037432
0.71638 0.039276
0.79376 0.054449
0.75278 0.047445
0.71292 0.04183
0.72278 0.044341
0.74071 0.044589
0.78971 0.025883
0.79944 0.045407
0.79714 0.037025
0.81215 0.049425
0.79685 0.04805
0.92663 0.083363
0.84899 0.059844
0.83164 0.055817
0.78276 0.053092
0.75742 0.049338
0.79894 0.026525
0.95616 0.087407
0.8029 0.030567
0.96976 0.10068
0.95126 0.086182
0.97223 0.1066
0.82227 0.048157
0.88497 0.070853
0.8225 0.047015
0.92452 0.08012
0.97545 0.11543
0.97618 0.11789
0.80709 0.025804
0.97648 0.11883
0.82599 0.04482
0.97666 0.11894
0.97654 0.11897
0.97668 0.11882
0.8155 0.033907
0.91875 0.076773
0.81783 0.032463
0.9767 0.11659
0.97669 0.11793
0.81746 0.024292
0.97665 0.11562
0.8328 0.04056
0.87887 0.062853
0.97668 0.11618
0.97644 0.11321
0.83575 0.040117
0.89269 0.068214
0.82921 0.029763
0.86745 0.055621
0.97626 0.11155
0.84639 0.042962
0.96963 0.089703
0.83503 0.026849
0.8852 0.061518
0.97358 0.09929
0.96289 0.08312
0.83718 0.02442
0.95379 0.079563
0.84956 0.036813
0.8683 0.048748
0.94679 0.078564
0.93232 0.07572
0.85561 0.036389
0.9244 0.072111
0.86202 0.041078
0.91564 0.068372
0.91207 0.066724
0.85375 0.025962
0.90832 0.064425
0.85984 0.028851
0.90685 0.062509
0.90834 0.064459
0.90786 0.06365
0.86195 0.023998
0.90616 0.061511
0.8742 0.040095
0.91054 0.061854
0.90657 0.061288
0.90861 0.061539
0.87651 0.037339
0.9148 0.062583
0.87618 0.022916
0.89269 0.046639
0.91328 0.062274
0.91843 0.063594
0.88243 0.022378
0.89539 0.046113
0.88986 0.035924
0.89825 0.044086
0.92314 0.064985
0.92587 0.066227
0.8916 0.022665
0.90238 0.04318
0.89882 0.0339
0.90805 0.043668
0.92994 0.067006
0.93209 0.066302
0.90263 0.028458
0.91425 0.045166
0.91165 0.035287
0.91706 0.045648
0.93324 0.064236
0.93729 0.064729
0.912 0.031311
0.92318 0.042301
0.91903 0.027059
0.94429 0.065209
0.94005 0.064826
0.94689 0.065512
0.92557 0.023077
0.93094 0.040589
0.93059 0.029464
0.95467 0.065022
0.93565 0.027053
0.94277 0.046591
0.94331 0.031131
0.94853 0.044491
0.95745 0.064704
0.94878 0.035466
0.96494 0.06557
0.95307 0.035089
0.96955 0.064734
0.96687 0.064626
0.96906 0.064628
0.95873 0.025455
0.96344 0.040177
0.96419 0.028932
0.97377 0.063648
0.97266 0.064025
0.97464 0.063526
0.97104 0.031896
0.97133 0.037881
0.97876 0.031619
0.97915 0.043677
0.97575 0.063561
