345
0.022718 0.022013
0.021049 0.025925
0.064256 0.021673
0.025606 0.025935
0.023122 0.025925
0.026846 0.025926
0.085096 0.020878
0.055107 0.02392
0.093915 0.023458
0.035194 0.026052
0.031008 0.025937
0.12752 0.020994
0.038197 0.026046
0.14567 0.021334
0.041357 0.025958
0.039662 0.026006
0.044459 0.025861
0.16744 0.020813
0.11571 0.025519
0.17758 0.025826
0.078894 0.02646
0.053893 0.025513
0.069911 0.025485
0.19632 0.022971
0.094522 0.027489
0.20881 0.021173
0.12293 0.02838
0.10597 0.027384
0.12332 0.028411
0.22003 0.024109
0.15251 0.029369
0.23999 0.021252
0.19373 0.028839
0.15537 0.029305
0.16371 0.030719
0.25145 0.02254
0.19847 0.029306
0.26608 0.021531
0.24383 0.028373
0.16297 0.031
0.16317 0.031383
0.27117 0.025468
0.23346 0.02896
0.28456 0.02278
0.23719 0.029848
0.15997 0.031595
0.1513 0.032918
0.29873 0.024746
0.14635 0.033991
0.31284 0.022292
0.25301 0.0323
0.14663 0.033984
0.15695 0.032854
0.32266 0.02596
0.16224 0.032949
0.32612 0.028523
0.29937 0.029867
0.16409 0.033009
0.17106 0.033354
0.33491 0.025512
0.30213 0.032015
0.32857 0.033774
0.17551 0.034793
0.17226 0.033764
0.35329 0.024275
0.17749 0.035453
0.3574 0.029733
0.32612 0.040413
0.17887 0.035778
0.18234 0.036083
0.36355 0.029379
0.18164 0.036518
0.3632 0.033776
0.18066 0.037043
0.18106 0.036756
0.17983 0.037233
0.36927 0.029293
0.35366 0.040062
0.37554 0.028258
0.17212 0.036356
0.17622 0.037266
0.17112 0.036084
0.37456 0.033996
0.35646 0.045895
0.37172 0.04194
0.099471 0.032808
0.071185 0.029049
0.38267 0.034622
0.34819 0.042061
0.38287 0.036952
0.28269 0.033536
0.049825 0.029646
0.046456 0.030611
0.38358 0.041368
0.046274 0.031039
0.38657 0.039743
0.20738 0.03542
0.047831 0.031838
0.050792 0.032884
0.3898 0.038006
0.33873 0.041207
0.39936 0.027148
0.051206 0.034541
0.049721 0.033676
0.051276 0.034565
0.39072 0.041425
0.13439 0.03944
0.39074 0.042962
0.15153 0.039388
0.052317 0.034666
0.40218 0.035724
0.16547 0.038543
0.40674 0.02668
0.088798 0.037035
0.055235 0.034892
0.055867 0.034935
0.40656 0.035182
0.056845 0.034978
0.39036 0.045758
0.057244 0.034985
0.056833 0.034978
0.057176 0.034985
0.40085 0.042671
0.058702 0.034935
0.41489 0.024727
0.23731 0.034712
0.30121 0.03585
0.10848 0.036758
0.10663 0.037048
0.42064 0.025507
0.41266 0.040993
0.43033 0.021561
0.42682 0.028141
0.41471 0.044733
0.42565 0.03612
0.39907 0.044582
0.42079 0.049591
0.41794 0.049073
0.10558 0.03632
0.10961 0.036813
0.43444 0.050161
0.43153 0.055428
0.37651 0.048632
0.41824 0.059898
0.42592 0.059606
0.41568 0.065759
0.4213 0.061352
0.41306 0.06756
0.41233 0.069105
0.44852 0.022258
0.44707 0.02501
0.45621 0.020261
0.4529 0.023655
0.44561 0.029
0.46327 0.021485
0.45368 0.027708
0.43052 0.047465
0.44482 0.04356
0.44623 0.044105
0.45134 0.03453
0.42595 0.064088
0.43161 0.062645
0.45516 0.029507
0.45842 0.02482
0.41418 0.069575
0.43552 0.063338
0.45044 0.044574
0.46339 0.027952
0.4486 0.057888
0.44193 0.065996
0.45588 0.04066
0.46061 0.029018
0.44585 0.063007
0.47452 0.0209
0.48542 0.022768
0.50607 0.022446
0.49486 0.0328
0.48665 0.026693
0.50775 0.02952
0.47104 0.026433
0.47518 0.046921
0.522 0.035887
0.50925 0.044198
0.47348 0.036194
0.47534 0.058675
0.50885 0.048051
0.5034 0.060789
0.46522 0.02582
0.46744 0.026821
0.49617 0.059132
0.4869 0.047523
0.47217 0.039978
0.46971 0.033869
0.48723 0.060098
0.47351 0.066593
0.47914 0.048415
0.5284 0.02196
0.52982 0.028416
0.54032 0.023163
0.54409 0.030819
0.53431 0.0379
0.53996 0.042529
0.53886 0.055927
0.54235 0.058754
0.55296 0.038635
0.52696 0.044896
0.51912 0.044211
0.56089 0.046074
0.56589 0.043098
0.51511 0.053357
0.50675 0.059735
0.55338 0.039581
0.52882 0.057069
0.50392 0.061805
0.51108 0.060467
0.52048 0.059021
0.54562 0.02428
0.56427 0.031474
0.55969 0.028043
0.58068 0.038571
0.5592 0.033587
0.78954 0.036001
0.57165 0.042096
0.5618 0.04565
0.546 0.058115
0.53386 0.058231
0.56336 0.022913
0.87474 0.039381
0.5729 0.024866
0.90006 0.039094
0.86484 0.039121
0.91864 0.038855
0.58933 0.042376
0.6506 0.039411
0.59256 0.042599
0.77856 0.037143
0.94402 0.035923
0.95105 0.035423
0.58154 0.023238
0.95374 0.035348
0.59907 0.043622
0.95519 0.035304
0.95429 0.035334
0.95528 0.035298
0.59306 0.031248
0.75302 0.038631
0.59593 0.031038
0.95499 0.035234
0.95522 0.035274
0.59641 0.023799
0.95444 0.035207
0.60571 0.042325
0.64376 0.039892
0.9548 0.035221
0.95189 0.035178
0.60768 0.041952
0.67613 0.037861
0.60693 0.030142
0.62167 0.041292
0.94974 0.035162
0.61387 0.041074
0.92159 0.036651
0.61335 0.026204
0.66015 0.03771
0.92787 0.038052
0.90985 0.034521
0.61568 0.023745
0.87955 0.035901
0.6249 0.032654
0.64157 0.03894
0.85802 0.035304
0.82512 0.035498
0.63379 0.032551
0.77968 0.035226
0.6377 0.036216
0.74602 0.036463
0.73173 0.035438
0.63785 0.024529
0.71608 0.035693
0.64447 0.026534
0.71109 0.036332
0.71617 0.035687
0.71419 0.035865
0.64871 0.022818
0.70933 0.036633
0.65852 0.034012
0.72258 0.034771
0.70996 0.036432
0.7152 0.035399
0.6618 0.032903
0.74031 0.035147
0.66901 0.022249
0.67847 0.033966
0.73365 0.034728
0.75456 0.035636
0.67653 0.021876
0.68318 0.03391
0.67773 0.031665
0.6897 0.033739
0.77265 0.034816
0.78529 0.032749
0.68843 0.02215
0.69762 0.034218
0.69292 0.030481
0.70686 0.033571
0.8046 0.031554
0.81372 0.031353
0.70068 0.026561
0.72512 0.030517
0.71294 0.028967
0.73506 0.030334
0.8154 0.031002
0.82927 0.033795
0.7141 0.026632
0.74968 0.028996
0.72824 0.023309
0.84362 0.032888
0.83466 0.035409
0.85287 0.031354
0.74312 0.021316
0.76901 0.027706
0.75559 0.023837
0.87835 0.031637
0.76823 0.022628
0.82334 0.026964
0.79544 0.022871
0.83612 0.027776
0.88803 0.030934
0.82625 0.024089
0.91566 0.029617
0.83836 0.024391
0.93188 0.028641
0.92231 0.029305
0.9302 0.028851
0.85386 0.021164
0.88522 0.024165
0.87821 0.021971
0.95022 0.02685
0.94494 0.027102
0.95451 0.026772
0.91639 0.022019
0.92228 0.023026
0.97036 0.02148
0.97446 0.023118
0.95959 0.026745
