345
0.02338 0.021619
0.021304 0.024766
0.070129 0.021864
0.02697 0.024774
0.023882 0.024766
0.028511 0.024766
0.086822 0.02118
0.061283 0.02386
0.093167 0.025002
0.038889 0.025033
0.033686 0.02485
0.11536 0.021455
0.042363 0.02509
0.13038 0.021426
0.046043 0.025082
0.044064 0.025087
0.049664 0.025108
0.14913 0.021115
0.10789 0.028329
0.15631 0.029559
0.082301 0.028319
0.060123 0.025357
0.074778 0.026414
0.16597 0.026376
0.093545 0.030838
0.17114 0.022853
0.11179 0.032776
0.10104 0.031087
0.11202 0.032831
0.17577 0.030716
0.13702 0.030437
0.18273 0.023661
0.16365 0.038372
0.13967 0.030741
0.14584 0.033816
0.1865 0.027762
0.16547 0.040385
0.19115 0.024639
0.18001 0.046
0.14524 0.034034
0.1453 0.034555
0.19177 0.036336
0.17626 0.046301
0.19738 0.027622
0.17603 0.049538
0.14287 0.034203
0.13494 0.034219
0.20313 0.031128
0.1295 0.035139
0.20961 0.024431
0.17671 0.057096
0.1298 0.035121
0.14027 0.035123
0.21512 0.028946
0.14429 0.036326
0.21727 0.031671
0.19636 0.045903
0.14562 0.036803
0.1503 0.039329
0.2253 0.026357
0.19401 0.050306
0.21576 0.038671
0.1528 0.042888
0.15099 0.040291
0.242 0.024434
0.15376 0.044581
0.24541 0.029659
0.20694 0.048162
0.15433 0.0455
0.15574 0.047038
0.25194 0.028504
0.1553 0.047372
0.25001 0.032738
0.15474 0.047707
0.15499 0.047482
0.15433 0.047672
0.25858 0.027598
0.23823 0.041191
0.26716 0.025896
0.1502 0.043692
0.15254 0.046454
0.14963 0.042955
0.26328 0.030543
0.23863 0.046937
0.25599 0.038576
0.093414 0.039198
0.07576 0.030712
0.2746 0.029106
0.23244 0.043615
0.27353 0.030691
0.18164 0.059665
0.055927 0.028964
0.051995 0.029471
0.27177 0.033945
0.051782 0.029831
0.27757 0.031633
0.16442 0.053717
0.053583 0.030741
0.056881 0.032103
0.28477 0.029554
0.22281 0.043445
0.31022 0.023747
0.057143 0.033714
0.055626 0.032687
0.057212 0.033747
0.2839 0.031463
0.11396 0.044717
0.28268 0.032478
0.13343 0.041003
0.058233 0.033997
0.31258 0.028195
0.14537 0.043683
0.32413 0.02361
0.083099 0.043647
0.060905 0.034656
0.061471 0.034798
0.32176 0.028125
0.062352 0.034995
0.27966 0.034624
0.062713 0.035065
0.062341 0.034993
0.062651 0.035054
0.30555 0.031181
0.06403 0.03534
0.34026 0.022145
0.1716 0.058643
0.1877 0.057773
0.095649 0.044743
0.094249 0.04483
0.35401 0.022169
0.33138 0.030642
0.37914 0.020491
0.37086 0.022852
0.33412 0.032025
0.36475 0.025956
0.30059 0.031909
0.34564 0.032471
0.33933 0.033183
0.094115 0.044109
0.096427 0.044841
0.3793 0.029181
0.36852 0.032475
0.25376 0.045066
0.32848 0.039911
0.3495 0.036046
0.30788 0.03888
0.33499 0.03933
0.28747 0.038361
0.27865 0.040323
0.39699 0.021225
0.3942 0.022445
0.4084 0.020203
0.40408 0.022587
0.39186 0.023958
0.41574 0.021185
0.40512 0.025621
0.37164 0.029396
0.39031 0.029256
0.39272 0.030526
0.40267 0.029723
0.34583 0.038249
0.36297 0.035691
0.40705 0.027233
0.41084 0.023849
0.28764 0.038538
0.37466 0.033754
0.40287 0.035412
0.41587 0.026331
0.39956 0.038175
0.38515 0.031866
0.40941 0.035816
0.41294 0.027325
0.39141 0.034983
0.43259 0.020535
0.45206 0.021597
0.49105 0.021101
0.46823 0.027409
0.4544 0.023864
0.49473 0.024223
0.42655 0.024103
0.43547 0.035206
0.528 0.027688
0.50019 0.030527
0.43086 0.029823
0.43563 0.037973
0.49979 0.032274
0.49013 0.038409
0.41807 0.024492
0.42111 0.024988
0.47526 0.039507
0.45822 0.03593
0.42841 0.032444
0.42445 0.029325
0.46008 0.040442
0.42943 0.039462
0.44352 0.035245
0.53936 0.02094
0.54216 0.023923
0.56725 0.021442
0.57515 0.02544
0.55333 0.027497
0.56607 0.030218
0.56306 0.036026
0.57011 0.037974
0.59002 0.033958
0.53735 0.032308
0.52308 0.03137
0.60101 0.039236
0.60862 0.037176
0.51492 0.035103
0.49663 0.037945
0.59053 0.034794
0.5419 0.037773
0.49117 0.038726
0.50614 0.038429
0.52806 0.039463
0.57822 0.022294
0.60469 0.028674
0.59826 0.026149
0.62445 0.036507
0.59794 0.030366
0.81507 0.039257
0.61637 0.038189
0.60266 0.038849
0.57754 0.039651
0.55263 0.036347
0.60339 0.022206
0.88153 0.041667
0.61604 0.024068
0.90319 0.042533
0.87207 0.040452
0.91683 0.040963
0.63283 0.038524
0.70446 0.039259
0.63636 0.038362
0.80344 0.040317
0.94028 0.035231
0.9478 0.034468
0.6255 0.022884
0.95069 0.034228
0.64737 0.038515
0.95224 0.034127
0.95127 0.034192
0.95233 0.034118
0.63851 0.029246
0.77929 0.042543
0.6425 0.029034
0.95203 0.034071
0.95227 0.034098
0.64317 0.023107
0.95143 0.034069
0.65637 0.0393
0.69761 0.038774
0.95182 0.034067
0.9487 0.034192
0.65871 0.039534
0.73034 0.041263
0.65598 0.029404
0.67309 0.038762
0.94639 0.03428
0.66451 0.039373
0.91888 0.038167
0.66211 0.025879
0.7131 0.038558
0.92441 0.038785
0.90893 0.037022
0.66436 0.023542
0.88482 0.038726
0.675 0.031116
0.69577 0.038187
0.86418 0.036946
0.84273 0.042178
0.68564 0.031716
0.80374 0.039016
0.69134 0.03571
0.77548 0.042515
0.7683 0.042371
0.68956 0.024365
0.75964 0.040462
0.69581 0.026551
0.75539 0.040267
0.75971 0.040468
0.75813 0.040363
0.69972 0.022923
0.75361 0.04017
0.71064 0.034728
0.76377 0.041048
0.75422 0.040148
0.75875 0.040097
0.71319 0.033721
0.77212 0.042361
0.71918 0.022518
0.73022 0.038914
0.76903 0.041862
0.78085 0.04014
0.72621 0.022303
0.73346 0.039538
0.72867 0.03523
0.73749 0.039452
0.79737 0.038932
0.80792 0.036227
0.73454 0.023101
0.74277 0.039016
0.73831 0.035427
0.74891 0.037229
0.82566 0.03555
0.83256 0.03646
0.74255 0.028901
0.76366 0.035116
0.75308 0.030997
0.76914 0.03583
0.83338 0.03609
0.84383 0.040134
0.75379 0.028109
0.77816 0.032408
0.7647 0.024826
0.85222 0.036832
0.84738 0.041364
0.85819 0.03326
0.77402 0.022002
0.79408 0.029498
0.78261 0.024923
0.88201 0.033355
0.7935 0.023227
0.83653 0.030408
0.81518 0.023478
0.84478 0.030959
0.89014 0.032893
0.83826 0.026042
0.91286 0.031097
0.84626 0.026116
0.92787 0.028703
0.91865 0.030127
0.92614 0.029052
0.8581 0.021342
0.88718 0.02488
0.88101 0.022242
0.94688 0.026443
0.94122 0.026777
0.95149 0.026264
0.91346 0.022313
0.91862 0.023295
0.96906 0.021306
0.97371 0.022746
0.95695 0.026147
