345
0.020807 0.026784
0.020325 0.039972
0.031453 0.027183
0.021737 0.040007
0.020967 0.039972
0.02212 0.039975
0.036795 0.022949
0.029615 0.036603
0.039743 0.030813
0.02472 0.042098
0.023416 0.040723
0.051051 0.022394
0.025563 0.042467
0.06185 0.021822
0.02637 0.042505
0.025945 0.04249
0.027104 0.042679
0.079075 0.020939
0.047403 0.035768
0.088812 0.026611
0.03593 0.043774
0.029435 0.043176
0.033315 0.042643
0.10446 0.023582
0.041071 0.043387
0.11411 0.021445
0.049879 0.04275
0.044705 0.041856
0.04999 0.042744
0.12383 0.024991
0.067043 0.032184
0.13939 0.021729
0.10012 0.030864
0.069277 0.031845
0.074759 0.032945
0.14697 0.023818
0.1033 0.031598
0.15619 0.022472
0.13283 0.031935
0.074088 0.033393
0.074068 0.033883
0.15722 0.028778
0.12455 0.032192
0.16719 0.024469
0.12396 0.033776
0.071729 0.034513
0.065207 0.037257
0.17669 0.026863
0.061296 0.03956
0.18695 0.022795
0.12518 0.037285
0.061511 0.039469
0.06933 0.036558
0.19565 0.026181
0.07275 0.036113
0.19908 0.028534
0.16504 0.034921
0.074022 0.035972
0.079109 0.036012
0.20851 0.025466
0.16115 0.036865
0.1973 0.033233
0.082095 0.037669
0.079852 0.036493
0.22996 0.023277
0.08332 0.038319
0.23477 0.027069
0.18256 0.037538
0.084081 0.03863
0.086118 0.038923
0.24339 0.026141
0.085379 0.039338
0.24053 0.029246
0.084437 0.039838
0.084864 0.039564
0.083792 0.040031
0.253 0.025539
0.22378 0.035506
0.26407 0.024864
0.07821 0.039659
0.081159 0.040201
0.077572 0.039478
0.25962 0.028249
0.2236 0.039741
0.24782 0.033098
0.042758 0.059953
0.033172 0.05701
0.2726 0.028282
0.21633 0.038952
0.27136 0.02962
0.1361 0.038591
0.028364 0.059279
0.027733 0.061372
0.26933 0.032322
0.027813 0.062655
0.27606 0.030921
0.10058 0.039332
0.028422 0.065184
0.029312 0.067812
0.28328 0.029606
0.20668 0.039627
0.30754 0.02386
0.029466 0.070111
0.029078 0.068777
0.029483 0.07015
0.28242 0.031442
0.052667 0.060295
0.28131 0.032324
0.063985 0.046154
0.029711 0.070403
0.30986 0.028251
0.072753 0.042553
0.32128 0.02384
0.036564 0.071376
0.030323 0.070873
0.030453 0.070965
0.31891 0.028531
0.030656 0.071038
0.27864 0.034071
0.03074 0.071057
0.030654 0.071038
0.030725 0.071055
0.30254 0.031628
0.03103 0.071143
0.33571 0.022425
0.11418 0.039458
0.14851 0.038854
0.044965 0.064005
0.043968 0.064287
0.34774 0.022468
0.32774 0.031714
0.36715 0.020731
0.3616 0.023899
0.33015 0.033522
0.35729 0.027627
0.29762 0.032485
0.34012 0.034193
0.33466 0.03493
0.043808 0.063805
0.045543 0.06399
0.36721 0.033654
0.36111 0.036893
0.24249 0.038506
0.32519 0.041344
0.34432 0.038208
0.3034 0.0394
0.33076 0.04161
0.28537 0.039
0.2778 0.039333
0.38042 0.021344
0.37771 0.022862
0.3925 0.020198
0.38784 0.022475
0.37575 0.024866
0.40037 0.021267
0.38895 0.025328
0.36232 0.032994
0.37434 0.031738
0.37599 0.032779
0.38635 0.029454
0.34049 0.040596
0.35874 0.040274
0.39103 0.026917
0.39521 0.023889
0.28551 0.039192
0.3648 0.039835
0.38688 0.034926
0.4005 0.026778
0.38248 0.038756
0.37067 0.036363
0.39552 0.035949
0.39748 0.027603
0.37406 0.038883
0.41464 0.020567
0.43501 0.021366
0.49264 0.02088
0.45773 0.024522
0.43779 0.02315
0.49745 0.023554
0.40921 0.024689
0.41791 0.035611
0.53438 0.026532
0.50352 0.029513
0.41307 0.03065
0.41833 0.038412
0.503 0.031033
0.49157 0.034571
0.40226 0.024899
0.40464 0.025576
0.47054 0.031838
0.44192 0.03204
0.41139 0.033996
0.40743 0.030618
0.44365 0.034958
0.41347 0.041333
0.42584 0.034427
0.54782 0.020819
0.55092 0.023441
0.57757 0.021366
0.58594 0.025352
0.56317 0.027099
0.57624 0.029716
0.57252 0.035303
0.5808 0.037128
0.60075 0.034461
0.54538 0.030715
0.52836 0.029662
0.61205 0.038477
0.62031 0.035935
0.5174 0.033722
0.49935 0.035484
0.60132 0.035272
0.5499 0.035596
0.49285 0.035031
0.50829 0.037668
0.5327 0.036647
0.589 0.0223
0.61512 0.02814
0.60821 0.026038
0.63664 0.036305
0.60795 0.030198
0.84107 0.041708
0.62899 0.037456
0.61385 0.037895
0.58941 0.039576
0.56166 0.03537
0.61369 0.022089
0.90433 0.042006
0.62752 0.023874
0.92585 0.041901
0.89335 0.04065
0.94203 0.042128
0.64496 0.037631
0.71667 0.038282
0.64837 0.036924
0.8296 0.041916
0.96114 0.042749
0.96549 0.043422
0.63708 0.02285
0.96684 0.04353
0.66104 0.03548
0.96754 0.043683
0.96712 0.043595
0.96758 0.043687
0.65032 0.028359
0.80879 0.040554
0.65505 0.027853
0.96742 0.043553
0.96754 0.043642
0.65586 0.022683
0.96715 0.043433
0.67167 0.036187
0.70905 0.039501
0.96733 0.043507
0.96583 0.043103
0.67433 0.036406
0.75238 0.037102
0.67126 0.027885
0.69024 0.039
0.96464 0.042932
0.68099 0.03663
0.94321 0.040783
0.67854 0.024966
0.72693 0.036925
0.94956 0.042088
0.93184 0.037279
0.68122 0.023043
0.90698 0.039501
0.69282 0.031783
0.70706 0.039422
0.88634 0.038546
0.86177 0.040696
0.70103 0.033302
0.83006 0.040616
0.70405 0.037301
0.80442 0.039762
0.79513 0.037829
0.70489 0.024739
0.78253 0.036724
0.71143 0.02662
0.77698 0.037593
0.78262 0.036716
0.78045 0.036996
0.71556 0.022828
0.77537 0.037807
0.72519 0.033801
0.78823 0.036569
0.77591 0.037692
0.78133 0.036616
0.72836 0.032462
0.80019 0.038595
0.73611 0.022119
0.75192 0.035435
0.7961 0.037576
0.81017 0.038637
0.74519 0.021828
0.75679 0.036685
0.74894 0.032237
0.76129 0.037569
0.82475 0.040361
0.83469 0.037035
0.75597 0.022652
0.76608 0.037979
0.76118 0.03403
0.77127 0.03589
0.8488 0.039895
0.85291 0.039325
0.76441 0.028449
0.78837 0.03189
0.77525 0.02969
0.79587 0.032756
0.85361 0.038614
0.86432 0.039221
0.77601 0.027087
0.80648 0.031167
0.78997 0.023788
0.8758 0.037369
0.8695 0.039982
0.88115 0.034615
0.80156 0.02171
0.8227 0.030143
0.8111 0.024584
0.90458 0.033742
0.8222 0.023442
0.8586 0.031108
0.84239 0.023937
0.86839 0.030264
0.91212 0.033802
0.86082 0.026185
0.93474 0.031667
0.87028 0.025777
0.94754 0.031185
0.93988 0.031493
0.94621 0.031428
0.88146 0.021478
0.90901 0.025147
0.90343 0.022301
0.96128 0.029921
0.95704 0.029705
0.96425 0.030035
0.93485 0.022441
0.93949 0.023724
0.97391 0.022348
0.9765 0.024933
0.96723 0.030365
