345
0.021479 0.023698
0.020572 0.030888
0.046462 0.022338
0.023057 0.030908
0.021702 0.030888
0.023732 0.03089
0.062716 0.021031
0.040099 0.025956
0.070586 0.024016
0.028285 0.031016
0.026002 0.03091
0.099101 0.021103
0.029919 0.03074
0.11634 0.021473
0.031633 0.030301
0.030715 0.030536
0.033319 0.029864
0.13383 0.02099
0.088692 0.026526
0.14269 0.026737
0.057326 0.027955
0.039253 0.028485
0.050542 0.027367
0.15789 0.024018
0.071123 0.028712
0.16664 0.021711
0.094679 0.029557
0.080673 0.02891
0.095027 0.029576
0.1742 0.026251
0.1221 0.031228
0.18652 0.022025
0.15608 0.031657
0.12442 0.031526
0.13082 0.033232
0.19378 0.024097
0.15961 0.032854
0.2029 0.022638
0.18873 0.033583
0.13023 0.033616
0.13034 0.034083
0.20592 0.029762
0.18274 0.034439
0.21291 0.025139
0.18476 0.035914
0.12792 0.034535
0.12099 0.035184
0.22068 0.027855
0.11667 0.035449
0.23039 0.022686
0.19496 0.039758
0.11695 0.035482
0.12549 0.036101
0.24041 0.025577
0.12949 0.036087
0.24455 0.027979
0.22114 0.036143
0.13085 0.036053
0.13637 0.03598
0.25359 0.026251
0.22263 0.038682
0.24862 0.033604
0.14059 0.037253
0.13749 0.036355
0.26785 0.025019
0.14249 0.03788
0.27143 0.030051
0.24793 0.039908
0.14383 0.038222
0.14723 0.039085
0.27806 0.027595
0.14657 0.039458
0.27842 0.031007
0.14562 0.039868
0.146 0.039615
0.1448 0.03997
0.28619 0.026555
0.27018 0.042333
0.29521 0.02605
0.13701 0.039473
0.14116 0.040077
0.13604 0.039265
0.29466 0.030259
0.27355 0.046899
0.29301 0.036297
0.075131 0.035087
0.051273 0.031993
0.30545 0.030241
0.26732 0.04893
0.30625 0.031786
0.21376 0.04606
0.036115 0.035493
0.033922 0.037602
0.30867 0.034666
0.033752 0.038348
0.31305 0.034198
0.16641 0.042392
0.034506 0.039432
0.036223 0.040624
0.31742 0.034755
0.26218 0.049731
0.32529 0.02723
0.036245 0.043403
0.035362 0.042192
0.036292 0.04343
0.3201 0.038562
0.10236 0.040067
0.32075 0.04016
0.12079 0.042693
0.037077 0.043379
0.32877 0.036195
0.13123 0.042854
0.33234 0.026501
0.064964 0.03932
0.039508 0.043076
0.040024 0.042988
0.333 0.03451
0.040802 0.042798
0.32159 0.044067
0.041112 0.0427
0.040793 0.042801
0.041059 0.042719
0.32872 0.04454
0.042173 0.042208
0.34161 0.02392
0.18459 0.044126
0.22214 0.046128
0.081186 0.040614
0.079697 0.041057
0.34888 0.024265
0.34176 0.037304
0.36185 0.020915
0.35713 0.025451
0.34626 0.039219
0.35819 0.030448
0.32763 0.048666
0.35672 0.038927
0.35247 0.04091
0.07914 0.03967
0.082028 0.040739
0.39405 0.035534
0.40305 0.039678
0.29908 0.046379
0.36805 0.040607
0.39898 0.041667
0.40926 0.044422
0.38846 0.041135
0.41252 0.044915
0.42395 0.043106
0.41524 0.021458
0.40507 0.023331
0.48663 0.020114
0.4731 0.021876
0.39942 0.025564
0.50378 0.020571
0.47709 0.023787
0.37758 0.031594
0.4273 0.031995
0.44004 0.030186
0.46513 0.027802
0.43723 0.036548
0.44591 0.035814
0.48332 0.024377
0.49217 0.022009
0.43836 0.041408
0.46175 0.041485
0.4636 0.032348
0.50408 0.023051
0.46545 0.037972
0.4785 0.045539
0.47882 0.029898
0.49734 0.023617
0.47567 0.041239
0.53242 0.020392
0.55599 0.021355
0.59345 0.021509
0.57251 0.027015
0.55849 0.023336
0.59596 0.02595
0.52413 0.022619
0.53557 0.032213
0.61471 0.030682
0.59252 0.035064
0.52896 0.026947
0.53357 0.037215
0.59028 0.037243
0.56355 0.042717
0.50873 0.022171
0.51452 0.022543
0.55514 0.041558
0.55385 0.034028
0.52638 0.028379
0.51959 0.025449
0.54348 0.043324
0.52563 0.051705
0.54244 0.033683
0.62707 0.021436
0.62903 0.026281
0.64215 0.022854
0.64579 0.030585
0.63097 0.033609
0.63659 0.038114
0.62707 0.045555
0.6297 0.048126
0.65279 0.041117
0.61727 0.037171
0.60694 0.036146
0.6582 0.05187
0.66269 0.049841
0.59608 0.041263
0.57246 0.042521
0.653 0.042223
0.61149 0.045389
0.56235 0.043574
0.58012 0.043944
0.5978 0.045564
0.64774 0.02438
0.66295 0.034931
0.65958 0.030171
0.67553 0.040914
0.65861 0.036954
0.82836 0.046055
0.6673 0.048136
0.65901 0.051751
0.63577 0.048965
0.61689 0.046528
0.66249 0.023785
0.88967 0.040213
0.66967 0.026055
0.91656 0.039136
0.87918 0.043034
0.93138 0.04071
0.68347 0.043114
0.73631 0.049223
0.68712 0.042882
0.82138 0.046092
0.95473 0.040252
0.96049 0.040743
0.67698 0.023536
0.96252 0.040958
0.69416 0.043315
0.96356 0.041058
0.96291 0.041
0.96362 0.041059
0.68851 0.030658
0.8043 0.049635
0.69153 0.030144
0.9634 0.04091
0.96358 0.041004
0.69215 0.023485
0.96301 0.040803
0.70266 0.041751
0.73189 0.04861
0.96326 0.040866
0.96115 0.040459
0.7051 0.041911
0.75088 0.049416
0.70383 0.030001
0.7165 0.053073
0.95939 0.04018
0.71144 0.046116
0.93384 0.037748
0.70995 0.027429
0.74173 0.047076
0.93949 0.039018
0.9245 0.03567
0.71181 0.024827
0.89374 0.036503
0.71806 0.038579
0.73037 0.04646
0.87399 0.041457
0.84557 0.043507
0.72411 0.037714
0.82199 0.043233
0.72747 0.042308
0.80031 0.047342
0.7936 0.048135
0.72713 0.026277
0.78613 0.048232
0.73178 0.0293
0.78223 0.047812
0.78618 0.04824
0.78486 0.048039
0.7348 0.024164
0.78021 0.047564
0.74087 0.040993
0.78899 0.046625
0.78097 0.0474
0.78526 0.047027
0.74308 0.03954
0.79711 0.045437
0.74832 0.023405
0.75284 0.042475
0.79412 0.045921
0.80489 0.043936
0.75313 0.022962
0.75526 0.042099
0.75293 0.038505
0.75869 0.040981
0.81709 0.041376
0.82534 0.040235
0.76031 0.023221
0.76504 0.039916
0.76223 0.035256
0.7756 0.038928
0.83695 0.039469
0.84167 0.038985
0.76934 0.028849
0.78822 0.03779
0.77979 0.033512
0.79335 0.037179
0.8425 0.038091
0.85105 0.038133
0.7796 0.030049
0.80136 0.034071
0.78795 0.02556
0.86534 0.037249
0.85653 0.037985
0.87121 0.036283
0.7968 0.022118
0.81411 0.03092
0.80478 0.025756
0.89232 0.032068
0.81355 0.023724
0.84721 0.030414
0.83125 0.02464
0.85837 0.029059
0.90167 0.030866
0.8494 0.02576
0.92885 0.030456
0.86036 0.025246
0.94422 0.029462
0.93483 0.029868
0.94251 0.029503
0.87162 0.021669
0.89857 0.024305
0.89206 0.022046
0.95921 0.029134
0.95512 0.029093
0.96245 0.029249
0.92943 0.022197
0.9348 0.02321
0.97342 0.022169
0.97622 0.024569
0.96607 0.029471
