345
0.023002 0.021823
0.021158 0.025366
0.069212 0.021487
0.026191 0.025375
0.023448 0.025366
0.02756 0.025366
0.092459 0.020798
0.058938 0.023503
0.10214 0.023175
0.036778 0.025465
0.032156 0.025372
0.13802 0.02095
0.040094 0.025452
0.1568 0.021301
0.043609 0.025364
0.041719 0.025411
0.047067 0.025268
0.17903 0.020798
0.1256 0.025197
0.18936 0.025703
0.085646 0.025824
0.057584 0.02493
0.075581 0.024885
0.20856 0.022886
0.1028 0.02688
0.22148 0.021136
0.13321 0.027968
0.11516 0.026865
0.13361 0.028001
0.23303 0.023997
0.16382 0.029164
0.25321 0.021266
0.2059 0.0286
0.16673 0.029111
0.17523 0.030519
0.26438 0.022707
0.21078 0.029031
0.27756 0.021846
0.25701 0.0286
0.17447 0.030793
0.17468 0.03117
0.28189 0.027109
0.24674 0.028925
0.29087 0.024226
0.25044 0.029884
0.17142 0.031371
0.16257 0.03263
0.29994 0.027677
0.1575 0.033647
0.30843 0.023608
0.26575 0.033212
0.15779 0.033643
0.16834 0.032593
0.31477 0.028147
0.17373 0.032705
0.31756 0.031026
0.29901 0.036105
0.17562 0.032766
0.18272 0.033094
0.32504 0.026687
0.29937 0.039971
0.31783 0.037378
0.18726 0.034488
0.18394 0.033491
0.33951 0.025618
0.18927 0.035126
0.34248 0.032713
0.31211 0.045607
0.19069 0.035439
0.19424 0.035724
0.34722 0.032033
0.19353 0.036152
0.34657 0.037708
0.19252 0.03667
0.19293 0.036388
0.19167 0.036859
0.35175 0.031626
0.3386 0.046056
0.35689 0.030083
0.1838 0.036033
0.18797 0.036907
0.18278 0.03577
0.35538 0.037172
0.34026 0.053249
0.3523 0.047789
0.10816 0.031826
0.077017 0.028073
0.36179 0.037272
0.33399 0.04762
0.36153 0.040033
0.28817 0.040394
0.053049 0.028646
0.049293 0.029528
0.36125 0.045807
0.04909 0.029912
0.36387 0.043063
0.22 0.034938
0.050826 0.030622
0.054127 0.031542
0.36688 0.040313
0.3255 0.045067
0.37792 0.027098
0.054588 0.033023
0.052933 0.032259
0.054666 0.033044
0.36682 0.044457
0.14519 0.038737
0.36645 0.046445
0.16281 0.038959
0.055827 0.033127
0.37923 0.035191
0.17702 0.038197
0.38579 0.026029
0.096524 0.035555
0.05908 0.033308
0.059784 0.033342
0.38432 0.03383
0.060876 0.033373
0.36547 0.050208
0.061322 0.033376
0.060863 0.033373
0.061246 0.033377
0.37591 0.042594
0.062958 0.033321
0.39535 0.023973
0.25054 0.03477
0.29703 0.045172
0.11786 0.035628
0.11587 0.035862
0.40233 0.024533
0.39024 0.038049
0.41419 0.021299
0.40989 0.026703
0.39188 0.040935
0.40722 0.033221
0.3736 0.04532
0.39828 0.044348
0.39488 0.044144
0.11474 0.035167
0.11907 0.035702
0.41543 0.044264
0.41024 0.04837
0.35403 0.056953
0.38809 0.053192
0.4007 0.05212
0.37764 0.058576
0.39236 0.053817
0.37071 0.061732
0.36819 0.063361
0.43546 0.022158
0.43381 0.024681
0.4429 0.020278
0.44002 0.023727
0.43211 0.028214
0.44907 0.021614
0.4407 0.027942
0.41092 0.042312
0.43091 0.040524
0.43292 0.041316
0.43908 0.034502
0.3988 0.055105
0.4081 0.053835
0.44198 0.029989
0.44482 0.025253
0.37085 0.062319
0.41396 0.053628
0.43898 0.042964
0.44917 0.028627
0.43673 0.051023
0.42454 0.054135
0.44324 0.041597
0.44673 0.029966
0.43178 0.053068
0.46048 0.020779
0.47442 0.022129
0.50196 0.021805
0.48704 0.029608
0.47603 0.025131
0.50424 0.027008
0.45637 0.026009
0.45897 0.042246
0.52357 0.033178
0.50779 0.037738
0.45832 0.034432
0.45702 0.049554
0.5077 0.040615
0.50126 0.050023
0.4508 0.026111
0.45284 0.026859
0.49082 0.048583
0.47727 0.040585
0.4561 0.038459
0.45452 0.03339
0.47785 0.048564
0.4542 0.055668
0.46513 0.041672
0.53032 0.021729
0.53193 0.027493
0.54364 0.022877
0.54775 0.029918
0.53737 0.036095
0.54371 0.04054
0.54305 0.053038
0.54684 0.055782
0.55763 0.037388
0.52975 0.04197
0.52108 0.039653
0.56627 0.044888
0.57126 0.042265
0.51683 0.046257
0.50593 0.049369
0.55812 0.038288
0.53279 0.053767
0.502 0.050765
0.51207 0.050612
0.52437 0.053019
0.54939 0.023936
0.56933 0.030978
0.56456 0.027617
0.58612 0.038733
0.56415 0.032855
0.7801 0.035651
0.57711 0.041661
0.56717 0.044531
0.55071 0.055288
0.53807 0.055062
0.56836 0.022781
0.87029 0.038671
0.57825 0.024778
0.89664 0.038189
0.86002 0.038274
0.91631 0.037957
0.59453 0.043133
0.65506 0.041389
0.59766 0.043581
0.76895 0.03695
0.94263 0.035416
0.94988 0.034949
0.58694 0.023275
0.95266 0.034851
0.60399 0.045094
0.95415 0.034794
0.95322 0.034832
0.95424 0.034788
0.59809 0.031772
0.74328 0.038631
0.60087 0.03166
0.95394 0.034729
0.95418 0.034764
0.60133 0.024019
0.95337 0.034708
0.61021 0.044196
0.64843 0.041044
0.95374 0.034718
0.95075 0.034704
0.61204 0.043918
0.67705 0.042334
0.61104 0.03109
0.62537 0.041941
0.94853 0.034698
0.6178 0.042579
0.91941 0.035911
0.61686 0.026713
0.66385 0.040853
0.92592 0.037374
0.90699 0.033717
0.61897 0.024008
0.87529 0.035303
0.62805 0.03295
0.64611 0.040055
0.85285 0.034496
0.81759 0.034413
0.63707 0.032777
0.77008 0.035037
0.64164 0.036862
0.73629 0.036521
0.72212 0.035779
0.64077 0.0247
0.70752 0.036894
0.64701 0.027003
0.70305 0.038241
0.7076 0.036877
0.70582 0.037303
0.65083 0.023083
0.70149 0.038845
0.66113 0.03632
0.71341 0.035511
0.70204 0.038521
0.7067 0.036677
0.66381 0.035282
0.73064 0.035242
0.66843 0.022749
0.67766 0.037676
0.72403 0.034978
0.74483 0.035622
0.67442 0.022362
0.68136 0.037571
0.67633 0.03473
0.68613 0.037283
0.76299 0.034724
0.77576 0.032523
0.68394 0.022695
0.6921 0.037636
0.68784 0.033135
0.69904 0.0357
0.79564 0.031001
0.80537 0.030631
0.69362 0.027975
0.71567 0.030963
0.70424 0.029884
0.72542 0.030475
0.80716 0.030285
0.82206 0.032803
0.70532 0.027246
0.73993 0.029012
0.71864 0.023418
0.83752 0.032037
0.82788 0.034304
0.84737 0.030682
0.73342 0.021323
0.75932 0.027667
0.74586 0.023831
0.87404 0.031202
0.75853 0.022616
0.81567 0.026482
0.78616 0.022784
0.82945 0.027225
0.8841 0.030505
0.8188 0.023801
0.91314 0.029128
0.83187 0.024086
0.93007 0.028343
0.92016 0.028899
0.92832 0.028541
0.84842 0.021097
0.88118 0.024003
0.87389 0.021897
0.94902 0.026641
0.94358 0.026877
0.95344 0.026549
0.91392 0.021917
0.92013 0.022894
0.96993 0.021417
0.97422 0.022985
0.95868 0.026502
