345
0.022819 0.021941
0.021087 0.025714
0.065978 0.021605
0.025813 0.025724
0.023238 0.025714
0.027099 0.025715
0.087636 0.02085
0.05645 0.023767
0.096732 0.023359
0.035756 0.025831
0.031415 0.025724
0.13109 0.02098
0.03887 0.025824
0.14942 0.021325
0.042152 0.025737
0.040389 0.025784
0.045377 0.02564
0.17131 0.020809
0.11909 0.025409
0.18151 0.025785
0.081236 0.02623
0.055188 0.025298
0.071873 0.025263
0.20042 0.022934
0.097358 0.027276
0.21311 0.021153
0.12644 0.028245
0.10911 0.027203
0.12683 0.028277
0.22452 0.024036
0.15631 0.029316
0.24485 0.021232
0.1978 0.02874
0.15918 0.029253
0.16756 0.030661
0.25647 0.022512
0.2026 0.029185
0.27116 0.021533
0.24874 0.028247
0.16682 0.03094
0.16702 0.031321
0.27624 0.025533
0.23821 0.028805
0.28926 0.022904
0.242 0.029685
0.16381 0.031531
0.15509 0.032844
0.30262 0.025332
0.15011 0.033901
0.3145 0.022667
0.25806 0.032181
0.15039 0.033896
0.16077 0.032782
0.32307 0.026573
0.16609 0.032879
0.32634 0.029218
0.30312 0.031125
0.16795 0.032939
0.17496 0.033276
0.33465 0.025945
0.30522 0.033749
0.3281 0.034714
0.17943 0.034695
0.17616 0.03368
0.35108 0.024879
0.18142 0.035345
0.35465 0.03102
0.32468 0.041999
0.18281 0.035664
0.18632 0.035956
0.36009 0.030493
0.18561 0.036389
0.35968 0.035426
0.18462 0.036914
0.18502 0.036628
0.18378 0.037105
0.36529 0.030281
0.35097 0.042827
0.37099 0.029076
0.17602 0.036257
0.18014 0.037149
0.17502 0.03599
0.36999 0.035387
0.35329 0.049112
0.36722 0.044188
0.10246 0.032465
0.073202 0.02869
0.37733 0.03604
0.34597 0.044787
0.37744 0.038596
0.2874 0.034079
0.050957 0.029276
0.047454 0.030209
0.37794 0.043532
0.047264 0.03062
0.38064 0.041668
0.21166 0.035167
0.048884 0.031386
0.051963 0.032388
0.38358 0.039717
0.33731 0.04298
0.39273 0.027563
0.052393 0.033981
0.050849 0.033152
0.052466 0.034003
0.38421 0.043605
0.13805 0.039226
0.38415 0.045391
0.15531 0.039278
0.053548 0.034098
0.39483 0.03641
0.16934 0.038443
0.39982 0.026786
0.091454 0.036516
0.056583 0.03431
0.057239 0.03435
0.39913 0.03546
0.058257 0.03439
0.38368 0.048634
0.058672 0.034396
0.058245 0.03439
0.058601 0.034396
0.39303 0.044032
0.060188 0.034344
0.40815 0.024628
0.24212 0.034469
0.30409 0.038025
0.11168 0.036362
0.10979 0.036632
0.41403 0.02537
0.40479 0.040744
0.424 0.021516
0.42038 0.027917
0.40651 0.044325
0.41856 0.035687
0.39132 0.046433
0.4122 0.048855
0.40936 0.048426
0.10871 0.035917
0.11284 0.036425
0.42642 0.049012
0.42258 0.054127
0.37135 0.051646
0.40656 0.059184
0.41557 0.058403
0.40147 0.064241
0.40978 0.060183
0.39742 0.066239
0.39599 0.06765
0.44281 0.022171
0.4413 0.024821
0.45083 0.020249
0.44738 0.023504
0.43978 0.028668
0.45822 0.021405
0.4482 0.027383
0.42254 0.04655
0.43795 0.042585
0.43942 0.043066
0.44551 0.033948
0.41473 0.062112
0.42157 0.060773
0.44973 0.02909
0.45314 0.024589
0.39803 0.067532
0.42597 0.06119
0.44395 0.043421
0.45835 0.02752
0.4411 0.055712
0.43313 0.063215
0.45 0.039731
0.45542 0.028559
0.43776 0.060493
0.47026 0.020839
0.482 0.02255
0.50464 0.022215
0.49238 0.031685
0.48335 0.026158
0.5065 0.028608
0.46653 0.02602
0.47086 0.044882
0.52244 0.034917
0.50882 0.041802
0.46909 0.03511
0.47054 0.055466
0.50856 0.045226
0.5027 0.056577
0.4603 0.02549
0.46268 0.026414
0.49423 0.055191
0.48388 0.045101
0.46762 0.038671
0.46505 0.033003
0.48387 0.056263
0.46803 0.062705
0.47521 0.046115
0.5288 0.021879
0.53028 0.028103
0.54117 0.023059
0.54507 0.030482
0.53517 0.037271
0.54104 0.041823
0.54027 0.054997
0.5439 0.057698
0.55438 0.038176
0.52793 0.043908
0.5199 0.042563
0.56268 0.045713
0.5676 0.042916
0.516 0.050636
0.50668 0.055615
0.55484 0.039108
0.53061 0.056246
0.50333 0.057442
0.51191 0.05648
0.52272 0.056828
0.54663 0.024149
0.56574 0.031346
0.56111 0.027909
0.58227 0.038777
0.5607 0.033353
0.78629 0.035914
0.57333 0.042079
0.56358 0.045325
0.54761 0.056994
0.53555 0.057369
0.5648 0.022877
0.87329 0.039222
0.57439 0.024866
0.89886 0.038774
0.86331 0.038884
0.91788 0.038519
0.59083 0.042883
0.64962 0.041319
0.59401 0.043301
0.77526 0.037099
0.94353 0.035765
0.95063 0.035261
0.58301 0.023277
0.95335 0.035175
0.60043 0.044753
0.95481 0.035125
0.9539 0.035159
0.9549 0.035119
0.59429 0.03163
0.74966 0.038536
0.5971 0.031504
0.95461 0.035057
0.95484 0.035095
0.59754 0.023964
0.95405 0.035033
0.6067 0.043816
0.64369 0.041338
0.95442 0.035045
0.95148 0.035015
0.60854 0.043545
0.67281 0.038418
0.60744 0.030891
0.62184 0.04218
0.94931 0.035008
0.61435 0.042465
0.92088 0.036389
0.61335 0.026651
0.65782 0.039006
0.92723 0.03785
0.90887 0.034183
0.61551 0.023989
0.87814 0.03576
0.62448 0.033135
0.64167 0.040232
0.85639 0.03503
0.82258 0.035048
0.63327 0.033005
0.77639 0.035182
0.63762 0.037066
0.74263 0.036342
0.72819 0.035256
0.63694 0.024762
0.71237 0.035548
0.64314 0.027039
0.70734 0.036205
0.71246 0.035541
0.71047 0.035723
0.64698 0.023083
0.70556 0.036527
0.65616 0.035113
0.71893 0.034617
0.7062 0.036318
0.71148 0.035259
0.65906 0.033786
0.73687 0.035008
0.66581 0.022352
0.67498 0.034354
0.73014 0.03456
0.75121 0.035562
0.67306 0.021933
0.67952 0.034203
0.67424 0.032002
0.68598 0.033898
0.76935 0.0348
0.78202 0.032694
0.68471 0.022179
0.69382 0.034268
0.68916 0.03056
0.70307 0.033512
0.8015 0.031341
0.81085 0.031061
0.69686 0.026568
0.72149 0.030403
0.70921 0.028889
0.73156 0.030221
0.81258 0.030714
0.82686 0.033378
0.71037 0.026573
0.74631 0.028941
0.72466 0.023272
0.84164 0.032549
0.83242 0.034954
0.85111 0.031103
0.73971 0.021305
0.76571 0.027695
0.75224 0.02382
0.87693 0.031535
0.76492 0.022624
0.82074 0.026765
0.79222 0.022843
0.83393 0.027551
0.8867 0.030823
0.82374 0.023969
0.91482 0.029425
0.83623 0.024267
0.93127 0.028559
0.92161 0.029164
0.92957 0.028767
0.85213 0.021139
0.88385 0.024124
0.87678 0.021953
0.94979 0.02678
0.94446 0.027031
0.95412 0.026694
0.91557 0.021979
0.92158 0.02298
0.97021 0.021456
0.97437 0.023068
0.95926 0.026658
