345
0.020994 0.0256
0.022509 0.042866
0.035424 0.024921
0.033601 0.042873
0.027472 0.042866
0.036441 0.042878
0.043104 0.021918
0.047012 0.032289
0.052717 0.027446
0.05753 0.042989
0.046529 0.042898
0.063727 0.021908
0.063074 0.043051
0.073355 0.022432
0.070073 0.043131
0.066348 0.043087
0.075404 0.04322
0.084041 0.021363
0.082667 0.033352
0.096529 0.02829
0.096832 0.043668
0.084304 0.04337
0.093254 0.043568
0.10523 0.024378
0.10226 0.043822
0.11378 0.021865
0.10909 0.044023
0.10543 0.043912
0.10919 0.044026
0.12098 0.026684
0.11828 0.044369
0.13214 0.022002
0.13155 0.033988
0.11965 0.044422
0.13355 0.0451
0.13993 0.023701
0.14148 0.036044
0.15069 0.022296
0.15134 0.033489
0.13911 0.045448
0.14709 0.04601
0.15583 0.02885
0.15466 0.035801
0.16194 0.025048
0.16359 0.03815
0.15405 0.04689
0.16646 0.049062
0.16961 0.028323
0.17398 0.051154
0.17811 0.022902
0.17685 0.040577
0.17424 0.051236
0.17963 0.053171
0.18729 0.026155
0.18285 0.054583
0.19162 0.029031
0.1916 0.039959
0.18404 0.055137
0.18891 0.057611
0.19906 0.027324
0.19911 0.046587
0.20246 0.036138
0.19601 0.06344
0.19217 0.060917
0.21082 0.026061
0.19883 0.065265
0.21546 0.032179
0.21092 0.048844
0.20011 0.065779
0.20313 0.067245
0.21933 0.029372
0.20515 0.069491
0.22163 0.03368
0.20726 0.071864
0.20613 0.070627
0.20778 0.0728
0.22591 0.028824
0.22376 0.05058
0.23224 0.028894
0.20746 0.078225
0.20802 0.075804
0.20729 0.07862
0.23342 0.035042
0.22988 0.05852
0.23501 0.044768
0.19884 0.084507
0.19523 0.085724
0.24001 0.036587
0.23033 0.067619
0.24084 0.039192
0.22693 0.076595
0.18898 0.087277
0.18458 0.089451
0.24286 0.045157
0.18333 0.09027
0.24489 0.044101
0.22183 0.084869
0.18152 0.091849
0.17931 0.09403
0.24702 0.044661
0.23342 0.0774
0.25081 0.030807
0.17357 0.10035
0.17771 0.095554
0.17327 0.10073
0.24887 0.05195
0.20841 0.094711
0.24994 0.055585
0.21235 0.0942
0.17164 0.10259
0.25342 0.043221
0.21487 0.0947
0.25574 0.028926
0.19601 0.099865
0.16795 0.11001
0.16805 0.11141
0.25662 0.039665
0.16956 0.11221
0.25267 0.066271
0.17037 0.11198
0.16953 0.11222
0.17018 0.11208
0.255 0.060999
0.17442 0.10917
0.26285 0.025548
0.2276 0.096264
0.2345 0.092532
0.19751 0.10617
0.1952 0.10674
0.26768 0.026661
0.26381 0.044977
0.27557 0.021567
0.27267 0.029095
0.26696 0.050135
0.27328 0.037538
0.25696 0.077157
0.27237 0.053057
0.27011 0.056754
0.20018 0.10576
0.19769 0.10653
0.29549 0.035225
0.30499 0.036313
0.25349 0.084608
0.27718 0.061445
0.29814 0.040438
0.31222 0.040282
0.28519 0.054308
0.31645 0.039334
0.32829 0.037614
0.32499 0.020987
0.31101 0.022641
0.45475 0.020224
0.42967 0.021526
0.3041 0.024763
0.47965 0.021615
0.43431 0.02361
0.28292 0.038871
0.34381 0.026204
0.37358 0.024872
0.41714 0.024518
0.3606 0.027217
0.37637 0.027638
0.44583 0.025768
0.46397 0.026701
0.353 0.029984
0.36916 0.030941
0.41267 0.027126
0.48006 0.028603
0.40504 0.02892
0.39189 0.031724
0.43704 0.030275
0.46571 0.030815
0.41977 0.031229
0.54782 0.020269
0.59938 0.020814
0.69401 0.020917
0.65135 0.022329
0.60403 0.021673
0.6979 0.024029
0.5359 0.023893
0.55508 0.026169
0.71756 0.033084
0.69322 0.028971
0.54292 0.026049
0.55572 0.028393
0.68991 0.029985
0.66365 0.029542
0.51142 0.026752
0.52277 0.027995
0.62918 0.027582
0.60224 0.027734
0.53774 0.030601
0.52648 0.032024
0.64011 0.030275
0.63078 0.031727
0.58591 0.030793
0.72772 0.021574
0.72967 0.026738
0.74047 0.024554
0.74233 0.039237
0.7321 0.03464
0.73783 0.044742
0.73081 0.04808
0.73391 0.054727
0.74362 0.072914
0.72075 0.041271
0.7123 0.03731
0.75469 0.084509
0.76077 0.091184
0.70226 0.03573
0.67504 0.033729
0.74323 0.076515
0.71856 0.053497
0.67142 0.035014
0.68304 0.039773
0.70869 0.046346
0.74354 0.028457
0.74779 0.060339
0.74766 0.045476
0.75352 0.068853
0.746 0.064723
0.78937 0.1059
0.76224 0.091576
0.75697 0.087965
0.73799 0.072494
0.72208 0.056952
0.74989 0.02954
0.79897 0.11199
0.75213 0.035562
0.8045 0.11424
0.79754 0.11109
0.80645 0.1145
0.75855 0.06766
0.77649 0.091516
0.75909 0.065156
0.79068 0.098494
0.81119 0.11363
0.81442 0.11256
0.75544 0.02859
0.81686 0.11114
0.76156 0.060672
0.81904 0.10883
0.81745 0.11062
0.81932 0.10827
0.75924 0.040952
0.79051 0.09237
0.76107 0.03869
0.81988 0.10157
0.81962 0.10567
0.76236 0.026408
0.81916 0.098876
0.76712 0.051953
0.77848 0.078084
0.81967 0.10035
0.81678 0.095335
0.76907 0.050452
0.78383 0.08098
0.76918 0.034179
0.77738 0.069328
0.81481 0.093497
0.77411 0.052741
0.80924 0.08885
0.77428 0.029527
0.78497 0.072569
0.81063 0.089839
0.80769 0.087414
0.77583 0.026018
0.80623 0.085814
0.78016 0.04063
0.78519 0.056168
0.80515 0.084473
0.8026 0.080997
0.78544 0.037961
0.8012 0.07841
0.78736 0.043842
0.80037 0.074451
0.8003 0.072299
0.78926 0.026427
0.80118 0.068836
0.79521 0.028613
0.80329 0.065106
0.80114 0.068901
0.80213 0.067284
0.79751 0.023751
0.80457 0.063
0.8024 0.037105
0.80883 0.060179
0.8055 0.062063
0.80724 0.061081
0.80793 0.034257
0.81301 0.057464
0.81414 0.0224
0.81607 0.041831
0.81147 0.058377
0.81646 0.055903
0.82169 0.021865
0.81999 0.040279
0.82595 0.031634
0.82709 0.036933
0.82342 0.052507
0.82667 0.051468
0.83414 0.021859
0.83524 0.035021
0.84225 0.028866
0.84501 0.034365
0.83729 0.048735
0.84557 0.047379
0.85125 0.025086
0.85442 0.03493
0.86288 0.028819
0.85886 0.035252
0.85574 0.046149
0.86315 0.045681
0.86732 0.026554
0.87365 0.033145
0.87963 0.024174
0.87627 0.04492
0.86849 0.045365
0.88043 0.04469
0.89043 0.021855
0.8889 0.032369
0.89891 0.025661
0.89996 0.043858
0.90715 0.024236
0.90377 0.0357
0.91989 0.026474
0.91712 0.034215
0.90757 0.043659
0.92576 0.028863
0.92233 0.043376
0.93412 0.028574
0.93686 0.043168
0.92915 0.043261
0.93561 0.043182
0.94758 0.023244
0.94909 0.03236
0.9563 0.025612
0.95393 0.043002
0.94844 0.043042
0.95796 0.04298
0.96608 0.02791
0.96451 0.031871
0.97808 0.027777
0.97829 0.035049
0.96268 0.042955
