345
0.021421 0.023851
0.020625 0.031284
0.040623 0.02326
0.023345 0.031302
0.021863 0.031284
0.024084 0.031286
0.054707 0.021138
0.038091 0.027898
0.062935 0.024275
0.029166 0.032297
0.026598 0.031652
0.090082 0.021027
0.030862 0.032132
0.11359 0.02089
0.032488 0.031753
0.031631 0.031959
0.033988 0.03146
0.13941 0.020766
0.084785 0.026642
0.15116 0.025607
0.058486 0.029013
0.038931 0.030544
0.050264 0.028596
0.16878 0.023348
0.072555 0.029484
0.1791 0.021418
0.094315 0.03034
0.08072 0.029034
0.094572 0.03037
0.18851 0.024878
0.12426 0.027591
0.20511 0.021541
0.16398 0.029922
0.12744 0.027964
0.13467 0.030277
0.21427 0.023487
0.16806 0.030916
0.22356 0.02256
0.19898 0.030806
0.13392 0.030546
0.13395 0.030957
0.2246 0.029232
0.19046 0.031973
0.2335 0.024899
0.19047 0.033535
0.13126 0.030767
0.12325 0.030538
0.2422 0.027377
0.11715 0.030377
0.25203 0.02294
0.1931 0.03648
0.11754 0.030415
0.12874 0.031604
0.26036 0.026253
0.13269 0.032536
0.2633 0.028423
0.23092 0.036373
0.13408 0.032726
0.13915 0.033364
0.27361 0.024573
0.22787 0.038347
0.26075 0.033343
0.14184 0.035266
0.13982 0.033884
0.29852 0.023151
0.14342 0.03601
0.30311 0.026935
0.2459 0.038097
0.14452 0.03633
0.14748 0.036474
0.31266 0.026492
0.14641 0.036706
0.30978 0.029559
0.14502 0.03697
0.14565 0.036837
0.14406 0.037093
0.32082 0.027588
0.29145 0.034624
0.32809 0.026551
0.13798 0.036558
0.14046 0.037332
0.13747 0.036289
0.32547 0.031518
0.29061 0.037757
0.31585 0.036012
0.088944 0.036308
0.055202 0.033327
0.33379 0.030699
0.28239 0.035629
0.33232 0.03247
0.20444 0.036468
0.038553 0.036504
0.036998 0.037676
0.32984 0.036144
0.037396 0.037933
0.33651 0.033417
0.1691 0.036834
0.039724 0.037986
0.043911 0.037704
0.34352 0.030842
0.26839 0.037167
0.36628 0.023943
0.045196 0.038028
0.043146 0.038136
0.045275 0.038021
0.34261 0.032813
0.11778 0.04054
0.34158 0.033778
0.12483 0.037055
0.046288 0.037869
0.36859 0.028345
0.13323 0.038175
0.37929 0.023631
0.073361 0.038637
0.04893 0.037472
0.049475 0.037453
0.37694 0.028351
0.05032 0.037406
0.33861 0.036089
0.050665 0.037397
0.05031 0.037406
0.050606 0.037399
0.36202 0.03215
0.051865 0.037444
0.39722 0.021942
0.18445 0.037833
0.21805 0.037579
0.099563 0.039656
0.096757 0.039408
0.41126 0.022291
0.38625 0.029844
0.42996 0.020821
0.42495 0.024277
0.38929 0.030765
0.42122 0.027972
0.35699 0.033297
0.40363 0.031999
0.39564 0.03193
0.095809 0.039129
0.1012 0.039759
0.43087 0.035169
0.42578 0.039015
0.31117 0.037233
0.38111 0.038085
0.4092 0.036375
0.36481 0.039656
0.38894 0.036869
0.34414 0.040383
0.33646 0.040177
0.44206 0.021482
0.43935 0.023127
0.45267 0.02025
0.44899 0.022983
0.43728 0.02531
0.45806 0.021607
0.44992 0.026596
0.42618 0.034591
0.43689 0.032786
0.43912 0.033952
0.44817 0.031039
0.40541 0.037461
0.42417 0.041013
0.45158 0.028727
0.45459 0.024951
0.34425 0.04052
0.43018 0.041006
0.45138 0.038289
0.45815 0.028597
0.44969 0.04076
0.43489 0.037753
0.45658 0.040504
0.45612 0.029697
0.4401 0.040204
0.47057 0.020609
0.48839 0.021946
0.52486 0.021139
0.50279 0.027588
0.49047 0.024524
0.52833 0.024293
0.46552 0.025028
0.47512 0.03715
0.56266 0.027554
0.53419 0.030635
0.46858 0.031417
0.47656 0.03905
0.53328 0.032428
0.52586 0.037269
0.45953 0.026143
0.46156 0.026757
0.51447 0.0373
0.49604 0.038325
0.46642 0.035066
0.46368 0.031969
0.50093 0.039668
0.46752 0.040427
0.48333 0.038213
0.57364 0.021042
0.57633 0.02458
0.59623 0.02163
0.60363 0.026491
0.58475 0.029599
0.59505 0.031781
0.58761 0.040468
0.59497 0.040581
0.61379 0.038613
0.5713 0.033115
0.55701 0.031071
0.62248 0.039882
0.63425 0.037576
0.54892 0.035334
0.53012 0.036969
0.61405 0.039548
0.57347 0.040115
0.52656 0.037397
0.5388 0.038113
0.56047 0.03949
0.60623 0.022788
0.6278 0.029222
0.62074 0.027052
0.6494 0.039146
0.62013 0.031938
0.82279 0.041874
0.64298 0.039745
0.62574 0.039299
0.60284 0.041891
0.5817 0.040898
0.62618 0.022399
0.88356 0.038309
0.6386 0.02445
0.9115 0.0383
0.86899 0.038441
0.92817 0.038396
0.65433 0.039947
0.71475 0.039886
0.65722 0.040191
0.8074 0.040982
0.95348 0.036253
0.96015 0.037028
0.64726 0.023219
0.9622 0.037241
0.66571 0.039586
0.96314 0.037376
0.96257 0.037298
0.96319 0.037381
0.6587 0.030639
0.79196 0.040808
0.66198 0.029963
0.96299 0.037292
0.96315 0.037354
0.66247 0.023404
0.96262 0.037199
0.67469 0.039423
0.70769 0.040082
0.96286 0.037257
0.96065 0.036868
0.67719 0.039563
0.74247 0.044652
0.67488 0.029431
0.6907 0.041959
0.95879 0.036655
0.6838 0.040466
0.92943 0.037523
0.68115 0.026062
0.72254 0.040551
0.93651 0.037298
0.91806 0.03499
0.68324 0.023778
0.88808 0.03587
0.69249 0.03437
0.70518 0.03995
0.86237 0.03742
0.8392 0.039043
0.69915 0.034144
0.80791 0.040065
0.70177 0.038147
0.78358 0.040342
0.77444 0.042526
0.70298 0.024919
0.76547 0.040935
0.7101 0.02694
0.76083 0.040599
0.76554 0.040943
0.7639 0.040788
0.71387 0.023078
0.75941 0.040886
0.72146 0.036831
0.76959 0.041786
0.75989 0.04075
0.76456 0.040607
0.72417 0.0356
0.77815 0.041497
0.73088 0.022899
0.74232 0.043642
0.77515 0.04203
0.79237 0.039601
0.73662 0.022773
0.74547 0.043861
0.73977 0.039007
0.74828 0.043565
0.80302 0.041971
0.81345 0.036505
0.74371 0.023923
0.75148 0.042948
0.74798 0.039763
0.75577 0.039717
0.82788 0.041029
0.83096 0.040151
0.74934 0.031391
0.76961 0.035854
0.75868 0.031428
0.7749 0.035891
0.83135 0.039494
0.84225 0.03788
0.75929 0.028291
0.78511 0.031212
0.77045 0.025121
0.85373 0.037359
0.84883 0.038419
0.85819 0.034745
0.77899 0.021915
0.79959 0.030913
0.78926 0.024687
0.88447 0.031193
0.79903 0.023719
0.83448 0.030847
0.81977 0.024086
0.84556 0.029621
0.89389 0.031199
0.83661 0.025879
0.92096 0.030111
0.84756 0.025448
0.9357 0.028868
0.9267 0.029853
0.93405 0.029197
0.85836 0.021488
0.89033 0.0241
0.88295 0.021872
0.9545 0.027138
0.94867 0.02691
0.95879 0.027284
0.92102 0.022113
0.92626 0.023198
0.97185 0.021755
0.97532 0.023688
0.96292 0.027595
