345
0.021253 0.024366
0.020557 0.032795
0.038181 0.023677
0.022978 0.032815
0.021658 0.032795
0.023635 0.032797
0.050768 0.021228
0.035955 0.028924
0.05838 0.02424
0.028221 0.033943
0.025889 0.033212
0.088528 0.02089
0.029732 0.033764
0.11366 0.020952
0.031168 0.033312
0.030411 0.033555
0.032492 0.032965
0.13736 0.020886
0.082136 0.025861
0.14699 0.027158
0.054169 0.029367
0.036833 0.031889
0.04677 0.029624
0.15965 0.025181
0.06902 0.028623
0.16583 0.022323
0.093488 0.028693
0.078049 0.02807
0.093792 0.028725
0.17158 0.027735
0.12364 0.02826
0.18243 0.022301
0.15695 0.034677
0.1265 0.028709
0.13334 0.031528
0.18841 0.024712
0.15942 0.036742
0.19611 0.022948
0.17811 0.036667
0.1327 0.031772
0.13281 0.032225
0.19703 0.03045
0.17264 0.038829
0.20545 0.025284
0.17259 0.04128
0.1303 0.031927
0.12285 0.031436
0.21351 0.028254
0.11697 0.031185
0.22195 0.023613
0.17412 0.045972
0.11733 0.031233
0.12811 0.032724
0.22838 0.027973
0.13195 0.033865
0.23075 0.030781
0.20363 0.037662
0.1333 0.034175
0.1384 0.035337
0.23881 0.02592
0.2003 0.040017
0.22952 0.037024
0.14129 0.037784
0.13915 0.035991
0.25827 0.024226
0.1427 0.038818
0.2619 0.029663
0.21924 0.04139
0.14361 0.03938
0.14589 0.040326
0.26796 0.029202
0.14516 0.040523
0.266 0.033452
0.14422 0.040702
0.14464 0.04059
0.14353 0.040684
0.2741 0.029255
0.25368 0.038449
0.28071 0.027332
0.13811 0.038777
0.14068 0.040181
0.1375 0.038421
0.27838 0.033079
0.25368 0.042653
0.27112 0.040668
0.08627 0.034198
0.050837 0.03428
0.28667 0.031219
0.24643 0.040211
0.2858 0.033319
0.18136 0.044914
0.037295 0.038492
0.035971 0.039818
0.28443 0.037754
0.036385 0.040104
0.28962 0.033776
0.16014 0.04655
0.038631 0.040088
0.041958 0.039734
0.29543 0.031029
0.23582 0.042321
0.31655 0.024528
0.042952 0.040109
0.04143 0.040241
0.043011 0.0401
0.29485 0.033172
0.11819 0.041873
0.29398 0.034243
0.12511 0.038247
0.043757 0.039911
0.3186 0.029667
0.1336 0.040006
0.32869 0.023946
0.068642 0.037147
0.045721 0.039461
0.04613 0.039437
0.32658 0.029006
0.046764 0.039376
0.29191 0.036642
0.047023 0.039345
0.046756 0.039377
0.046978 0.039351
0.31332 0.033707
0.047925 0.039244
0.34434 0.022285
0.16879 0.049692
0.19025 0.042798
0.098742 0.037188
0.095304 0.036427
0.3564 0.022593
0.33542 0.031183
0.374 0.02081
0.36906 0.024358
0.33829 0.032633
0.36529 0.028403
0.3094 0.034733
0.34991 0.033894
0.34376 0.033978
0.094188 0.036044
0.10083 0.037702
0.37477 0.035079
0.37023 0.039006
0.26791 0.044014
0.3324 0.040801
0.35539 0.038696
0.31569 0.042523
0.33963 0.040059
0.29851 0.041198
0.29162 0.042434
0.38625 0.021495
0.38366 0.023171
0.39672 0.02022
0.39268 0.022799
0.38172 0.025379
0.40369 0.021274
0.39365 0.026064
0.3704 0.034608
0.38073 0.032942
0.38245 0.034117
0.3914 0.03062
0.35212 0.040368
0.36898 0.042435
0.39545 0.027836
0.39908 0.024178
0.29869 0.041355
0.37392 0.042016
0.39214 0.036777
0.40382 0.026807
0.38906 0.04083
0.37827 0.037917
0.39886 0.037224
0.40107 0.027936
0.38164 0.040744
0.41974 0.020549
0.43769 0.021664
0.49022 0.020846
0.45659 0.02519
0.43996 0.023824
0.49521 0.023353
0.41361 0.024173
0.42479 0.036216
0.53729 0.02553
0.50165 0.028762
0.418 0.030038
0.42588 0.039405
0.50107 0.030182
0.48911 0.034083
0.40579 0.024796
0.40847 0.025274
0.46833 0.032532
0.44356 0.03454
0.41636 0.03284
0.4116 0.029665
0.44519 0.038028
0.42001 0.040239
0.43115 0.036841
0.5529 0.020724
0.5565 0.023118
0.58302 0.021459
0.59087 0.025783
0.56918 0.027177
0.58172 0.030323
0.57666 0.03612
0.58345 0.038757
0.60261 0.036079
0.55008 0.029305
0.53007 0.028122
0.61251 0.040279
0.62155 0.039156
0.51721 0.031979
0.49718 0.034499
0.60288 0.03697
0.55508 0.033996
0.49044 0.034438
0.507 0.035958
0.53526 0.034045
0.59359 0.022507
0.61754 0.029509
0.61106 0.026676
0.63357 0.04097
0.61062 0.031238
0.82747 0.038558
0.62772 0.042089
0.61473 0.040245
0.59014 0.041162
0.56698 0.035289
0.61616 0.022412
0.89386 0.040003
0.62744 0.024937
0.91699 0.039538
0.88149 0.038722
0.93504 0.039398
0.63811 0.042289
0.7067 0.038022
0.64066 0.042069
0.81072 0.039369
0.95444 0.039869
0.95896 0.039524
0.63494 0.02365
0.96088 0.03932
0.64924 0.040214
0.96189 0.03927
0.96128 0.039304
0.96195 0.039264
0.64516 0.031075
0.79432 0.041949
0.64864 0.030264
0.96174 0.039209
0.9619 0.039243
0.64925 0.023501
0.96135 0.039183
0.658 0.0388
0.69845 0.038199
0.9616 0.039197
0.95947 0.039229
0.6604 0.038471
0.73729 0.039441
0.6614 0.028987
0.67758 0.038352
0.95795 0.039364
0.66833 0.03769
0.93637 0.03855
0.66833 0.025305
0.71427 0.038145
0.9433 0.039927
0.92369 0.035411
0.67097 0.023214
0.89703 0.037883
0.6815 0.031905
0.69578 0.037786
0.87363 0.037367
0.84724 0.037902
0.68978 0.032442
0.81138 0.03851
0.6924 0.036031
0.78796 0.040714
0.77675 0.038527
0.69451 0.024365
0.76483 0.038431
0.70201 0.026457
0.75996 0.039218
0.7649 0.03842
0.76317 0.038729
0.70637 0.022828
0.75851 0.039245
0.71359 0.03492
0.76924 0.038025
0.75901 0.039211
0.76392 0.038372
0.71673 0.033926
0.78257 0.038594
0.7252 0.02237
0.73739 0.03839
0.778 0.038199
0.79473 0.040407
0.73266 0.022173
0.74143 0.039014
0.73517 0.034742
0.74512 0.039506
0.80556 0.040173
0.81763 0.034564
0.74195 0.023035
0.75024 0.039759
0.74566 0.036039
0.75513 0.037338
0.83348 0.037952
0.83726 0.037751
0.74932 0.029556
0.77039 0.0329
0.7593 0.030666
0.77828 0.033137
0.8379 0.03723
0.85072 0.036958
0.76007 0.027792
0.78962 0.032204
0.77264 0.024148
0.86361 0.036618
0.85785 0.038019
0.86839 0.034101
0.78367 0.021754
0.80328 0.03042
0.79314 0.024954
0.89369 0.032489
0.80276 0.023573
0.84304 0.029868
0.8259 0.023493
0.85463 0.029195
0.90193 0.032524
0.84528 0.025424
0.92689 0.030287
0.85667 0.025215
0.94147 0.03009
0.9327 0.030121
0.94005 0.03027
0.86803 0.021424
0.89849 0.024663
0.89217 0.022082
0.95617 0.02861
0.95162 0.028812
0.95951 0.028428
0.92692 0.022151
0.93219 0.023274
0.97207 0.021804
0.97544 0.02379
0.96338 0.028406
