345
0.021203 0.024549
0.020524 0.033331
0.037449 0.023655
0.022804 0.033352
0.021561 0.033331
0.023423 0.033333
0.050799 0.021151
0.035313 0.028987
0.05902 0.024287
0.027676 0.034527
0.025529 0.033766
0.086139 0.020988
0.029099 0.034347
0.11167 0.020854
0.030475 0.033807
0.029748 0.034117
0.031747 0.033344
0.13805 0.020786
0.080424 0.026536
0.14898 0.026152
0.054472 0.029079
0.035955 0.031926
0.046482 0.029076
0.16503 0.02364
0.068658 0.029611
0.1746 0.021514
0.090572 0.029425
0.076679 0.02902
0.090844 0.029426
0.18347 0.025133
0.12267 0.027422
0.1994 0.021613
0.16057 0.03084
0.12589 0.027824
0.13324 0.03026
0.20812 0.023657
0.16435 0.031876
0.21698 0.022687
0.19353 0.03128
0.13246 0.030482
0.13245 0.030891
0.21798 0.02969
0.18534 0.032559
0.22645 0.025142
0.18536 0.034198
0.12973 0.030632
0.12162 0.030287
0.23472 0.027751
0.11538 0.030037
0.24409 0.023105
0.18788 0.037209
0.11579 0.030079
0.12707 0.031423
0.25191 0.026586
0.13101 0.032377
0.2547 0.028854
0.22399 0.037192
0.13243 0.032653
0.13763 0.033694
0.2646 0.024774
0.2211 0.039263
0.25229 0.03405
0.14034 0.035892
0.1383 0.034282
0.2897 0.023155
0.14181 0.036816
0.29464 0.027275
0.2383 0.039054
0.1428 0.037257
0.14551 0.0377
0.30271 0.02748
0.14452 0.037842
0.30043 0.030655
0.14325 0.037984
0.14382 0.037905
0.14236 0.038016
0.3098 0.028489
0.28299 0.034015
0.31659 0.027428
0.13622 0.03684
0.13883 0.037892
0.1357 0.036515
0.31461 0.033007
0.28265 0.037084
0.30812 0.038185
0.084383 0.03584
0.050988 0.033424
0.32182 0.031686
0.27338 0.035825
0.32096 0.033852
0.19876 0.037227
0.035589 0.038602
0.034253 0.040099
0.31978 0.038411
0.03459 0.040345
0.32427 0.034286
0.16532 0.038295
0.036588 0.040089
0.040034 0.039331
0.33049 0.030492
0.25974 0.037989
0.35452 0.024233
0.041239 0.039564
0.039316 0.039904
0.041314 0.039547
0.32958 0.032685
0.11448 0.039943
0.32854 0.033934
0.12218 0.036686
0.042278 0.039258
0.35674 0.029155
0.13102 0.037952
0.36679 0.024004
0.069559 0.039157
0.044781 0.038556
0.045294 0.03848
0.36474 0.029043
0.046089 0.038339
0.32612 0.036887
0.046413 0.038276
0.046079 0.038341
0.046357 0.038287
0.35104 0.032461
0.047541 0.038064
0.38229 0.022264
0.17958 0.038888
0.21172 0.038442
0.094381 0.03766
0.091676 0.037547
0.39458 0.022543
0.3733 0.031287
0.41314 0.02078
0.40796 0.024154
0.37601 0.032582
0.4037 0.028009
0.34663 0.032853
0.38782 0.033738
0.38132 0.033855
0.0908 0.037354
0.096036 0.03776
0.41451 0.034626
0.40997 0.038104
0.30477 0.039586
0.37007 0.040494
0.39295 0.038476
0.35441 0.040702
0.37681 0.039711
0.33188 0.039526
0.32506 0.04195
0.42533 0.021519
0.42278 0.02321
0.4355 0.020242
0.4316 0.022981
0.42084 0.025422
0.44147 0.021478
0.43254 0.026515
0.40977 0.033922
0.42042 0.033024
0.42244 0.034286
0.4306 0.031195
0.3896 0.040091
0.40872 0.04069
0.43431 0.028549
0.4376 0.024687
0.33202 0.039624
0.41447 0.04075
0.43278 0.037929
0.44157 0.0279
0.43047 0.041254
0.41864 0.037878
0.43898 0.039458
0.43928 0.029029
0.42287 0.040687
0.45479 0.020624
0.47101 0.022084
0.49769 0.021762
0.48354 0.030296
0.4729 0.025016
0.49987 0.026571
0.44972 0.024895
0.46052 0.03836
0.52697 0.028048
0.50262 0.035872
0.45339 0.031509
0.46225 0.040841
0.50173 0.038715
0.49675 0.048582
0.44321 0.025655
0.44542 0.026332
0.49128 0.049237
0.48049 0.042888
0.45189 0.034855
0.44805 0.031471
0.48435 0.048647
0.45446 0.041156
0.46821 0.039726
0.53765 0.021023
0.54045 0.024391
0.56132 0.021497
0.56974 0.025215
0.54963 0.029226
0.55978 0.030994
0.55217 0.039429
0.55841 0.039664
0.58385 0.035268
0.53499 0.033183
0.52151 0.031955
0.59383 0.039683
0.60222 0.037516
0.5123 0.038464
0.49912 0.04743
0.58428 0.036191
0.53649 0.040007
0.49712 0.048774
0.50404 0.046584
0.52348 0.040834
0.57317 0.022215
0.59832 0.029109
0.59181 0.026508
0.6167 0.035745
0.5914 0.030958
0.82917 0.039606
0.6084 0.038436
0.59576 0.039681
0.5665 0.038943
0.54498 0.040252
0.59687 0.022338
0.89065 0.040144
0.60924 0.024098
0.91818 0.037609
0.87761 0.039585
0.9356 0.038904
0.62379 0.035838
0.69752 0.038659
0.62785 0.035862
0.8121 0.039296
0.95552 0.039473
0.96043 0.039457
0.61906 0.022668
0.96245 0.039389
0.63987 0.035979
0.96337 0.039399
0.96281 0.039396
0.96342 0.039396
0.63373 0.028342
0.79444 0.036548
0.6381 0.027996
0.96322 0.039328
0.96338 0.039372
0.63884 0.022743
0.96286 0.039278
0.65054 0.036301
0.69039 0.038825
0.9631 0.039307
0.96095 0.039196
0.65343 0.036373
0.7316 0.038213
0.65346 0.027982
0.67044 0.03792
0.95931 0.039224
0.66143 0.036732
0.93678 0.038176
0.66085 0.024998
0.70559 0.038209
0.94337 0.03945
0.92442 0.034483
0.66355 0.023091
0.89393 0.037542
0.67434 0.031676
0.68795 0.038339
0.87085 0.038863
0.84788 0.039251
0.68264 0.032326
0.81275 0.038478
0.68493 0.036141
0.78365 0.035104
0.76945 0.037075
0.68749 0.024471
0.75835 0.03854
0.69482 0.026628
0.75413 0.039455
0.75841 0.038526
0.75691 0.03888
0.69875 0.022901
0.75279 0.039522
0.7053 0.035036
0.76246 0.038021
0.75325 0.039474
0.75756 0.038502
0.70876 0.033555
0.77536 0.035392
0.71793 0.022265
0.73162 0.037229
0.77068 0.0364
0.79512 0.035654
0.72593 0.022033
0.73627 0.038128
0.72887 0.033668
0.74048 0.038897
0.80734 0.039519
0.81909 0.03483
0.73584 0.022886
0.7452 0.039461
0.74061 0.035535
0.7496 0.03767
0.83529 0.039356
0.83899 0.039179
0.7436 0.029346
0.7641 0.03285
0.75343 0.030802
0.77191 0.031622
0.83951 0.038614
0.85094 0.038447
0.75419 0.027882
0.7873 0.028463
0.76672 0.024027
0.86225 0.038475
0.85745 0.039397
0.86646 0.035837
0.77878 0.021383
0.80498 0.029525
0.79255 0.023654
0.89051 0.032497
0.80446 0.023234
0.84342 0.030624
0.82743 0.02364
0.85417 0.030046
0.89872 0.031785
0.84551 0.025844
0.9267 0.029811
0.8561 0.025721
0.94144 0.029834
0.93257 0.029892
0.94001 0.030015
0.86626 0.021598
0.89531 0.024502
0.88901 0.022088
0.95661 0.028475
0.95193 0.028544
0.96005 0.02839
0.9266 0.022051
0.93199 0.023199
0.97232 0.021863
0.97559 0.023913
0.9639 0.028477
