345
0.021468 0.023727
0.020654 0.030923
0.041261 0.023318
0.023499 0.03094
0.021948 0.030923
0.024271 0.030924
0.054487 0.021212
0.03869 0.027945
0.06225 0.024564
0.029683 0.031903
0.026926 0.031279
0.086406 0.021228
0.03146 0.031796
0.10524 0.021178
0.03314 0.031508
0.032255 0.031664
0.034689 0.0313
0.1278 0.020872
0.08184 0.027731
0.13719 0.027535
0.058047 0.02961
0.03976 0.030642
0.050302 0.029133
0.14888 0.025619
0.071205 0.030307
0.15456 0.022518
0.089953 0.032041
0.078764 0.030331
0.09017 0.032068
0.15986 0.028381
0.11348 0.028934
0.1699 0.022497
0.14668 0.035928
0.11634 0.02903
0.12354 0.031087
0.17542 0.025146
0.14898 0.038153
0.18241 0.023237
0.16596 0.038036
0.12285 0.031323
0.12297 0.031756
0.18324 0.031475
0.16098 0.040396
0.19089 0.025795
0.16097 0.043118
0.12023 0.031692
0.11249 0.032537
0.1983 0.02897
0.10769 0.033262
0.206 0.023645
0.16243 0.048331
0.10797 0.033255
0.11776 0.032901
0.21275 0.027418
0.12197 0.033377
0.21546 0.029726
0.18896 0.039375
0.1235 0.033634
0.12943 0.035247
0.22473 0.025339
0.18597 0.042021
0.21329 0.035655
0.13311 0.038079
0.13039 0.035992
0.24694 0.023507
0.13454 0.039318
0.25142 0.028288
0.20168 0.042806
0.13539 0.040018
0.13748 0.041422
0.25842 0.028492
0.13688 0.041557
0.25702 0.032186
0.1361 0.041637
0.13644 0.041562
0.13551 0.041512
0.26452 0.029149
0.24172 0.035597
0.27103 0.027522
0.12945 0.03865
0.13285 0.040465
0.12867 0.038211
0.26913 0.033366
0.24198 0.039631
0.26359 0.040131
0.085027 0.039309
0.055127 0.034127
0.27685 0.0316
0.23302 0.037886
0.27612 0.033756
0.16896 0.047195
0.04058 0.036608
0.039056 0.037656
0.2751 0.038303
0.039563 0.037956
0.27971 0.034299
0.15001 0.049501
0.042211 0.038193
0.045928 0.038231
0.2852 0.031477
0.22116 0.04009
0.30568 0.024626
0.047069 0.038689
0.045375 0.038645
0.047134 0.038687
0.28466 0.03371
0.10726 0.046646
0.28385 0.034828
0.11368 0.039494
0.047954 0.038592
0.30768 0.029864
0.12388 0.039253
0.31758 0.024009
0.071825 0.040488
0.050108 0.038384
0.050562 0.03841
0.31551 0.029159
0.051265 0.038435
0.28192 0.037315
0.051552 0.038443
0.051257 0.038435
0.051503 0.038442
0.30235 0.034042
0.052551 0.038488
0.3331 0.022182
0.15767 0.052702
0.17698 0.045064
0.093785 0.043213
0.091397 0.042535
0.34658 0.022187
0.3241 0.031275
0.36846 0.020652
0.36227 0.023467
0.32673 0.032623
0.35741 0.026768
0.29848 0.035147
0.33814 0.0327
0.33188 0.033449
0.090615 0.042126
0.095228 0.0437
0.36874 0.032176
0.36204 0.03504
0.26149 0.043703
0.3204 0.041224
0.34314 0.036216
0.30431 0.043087
0.3271 0.039967
0.28808 0.042149
0.28173 0.043708
0.38307 0.02132
0.38024 0.022749
0.3945 0.020204
0.39009 0.022573
0.37805 0.024599
0.40195 0.021206
0.39114 0.02559
0.36322 0.031565
0.37663 0.030974
0.37858 0.03212
0.38868 0.029719
0.33893 0.038405
0.35946 0.03805
0.39311 0.027257
0.39707 0.023906
0.28823 0.042318
0.36636 0.03768
0.38921 0.03539
0.40209 0.026443
0.38551 0.038749
0.37284 0.034871
0.39674 0.036094
0.39922 0.027459
0.3769 0.037675
0.41861 0.020532
0.437 0.02163
0.49003 0.020846
0.4562 0.025126
0.43932 0.023751
0.49502 0.023354
0.41226 0.024028
0.42379 0.03578
0.53738 0.025352
0.50145 0.028762
0.41681 0.029721
0.42491 0.038898
0.50088 0.030183
0.48892 0.034079
0.40413 0.024563
0.40692 0.025052
0.46805 0.032433
0.44298 0.034287
0.4151 0.032419
0.41017 0.029317
0.44463 0.037727
0.4189 0.039629
0.4303 0.036459
0.55385 0.020667
0.55767 0.022811
0.58896 0.021254
0.59785 0.025378
0.57249 0.02597
0.58752 0.02885
0.58334 0.033614
0.59211 0.036209
0.61035 0.036733
0.55085 0.028728
0.53004 0.027987
0.61822 0.041552
0.62618 0.038543
0.51701 0.03191
0.49699 0.034501
0.61066 0.037699
0.55641 0.032718
0.49024 0.034439
0.50681 0.035959
0.53533 0.033653
0.60091 0.022395
0.6236 0.029483
0.61761 0.027021
0.64066 0.038509
0.61713 0.031868
0.83058 0.037744
0.63334 0.04003
0.61991 0.04098
0.60046 0.040417
0.57068 0.032841
0.62235 0.022433
0.89369 0.039364
0.63431 0.024414
0.92041 0.03844
0.88081 0.039154
0.93715 0.040262
0.64802 0.039996
0.70829 0.039813
0.6513 0.039791
0.81093 0.037253
0.95536 0.040496
0.95969 0.040168
0.6428 0.023206
0.96158 0.03996
0.66157 0.039977
0.96255 0.039918
0.96196 0.039947
0.9626 0.039912
0.65468 0.03009
0.79068 0.03984
0.65841 0.029841
0.9624 0.039851
0.96256 0.039889
0.65903 0.023383
0.96203 0.039821
0.66924 0.040573
0.70047 0.041041
0.96227 0.039837
0.96021 0.039855
0.67108 0.040753
0.73988 0.040194
0.67059 0.030124
0.68438 0.04208
0.95869 0.039984
0.67716 0.040956
0.9383 0.039349
0.67647 0.026268
0.71578 0.039191
0.94479 0.040687
0.92639 0.03545
0.67871 0.023816
0.89688 0.036953
0.68749 0.034325
0.69844 0.040872
0.87312 0.038256
0.84969 0.040213
0.69414 0.035082
0.81185 0.036526
0.69596 0.039163
0.78402 0.039479
0.77361 0.039107
0.69824 0.025148
0.76352 0.040033
0.70463 0.02729
0.75941 0.041017
0.76358 0.04002
0.76211 0.040404
0.70868 0.02311
0.75818 0.041056
0.71523 0.035813
0.76726 0.039559
0.7586 0.041012
0.76275 0.039975
0.71826 0.034595
0.77869 0.038201
0.72658 0.022409
0.73984 0.039107
0.77473 0.038558
0.79162 0.038071
0.73403 0.022208
0.74366 0.040109
0.73705 0.035157
0.74686 0.04099
0.80436 0.037903
0.81971 0.033369
0.74308 0.023212
0.75122 0.041719
0.74703 0.037259
0.75528 0.038911
0.83724 0.038089
0.84138 0.038504
0.74982 0.030433
0.76877 0.033984
0.75893 0.031616
0.77584 0.033317
0.84195 0.03806
0.85245 0.039281
0.75965 0.028483
0.78806 0.031064
0.77125 0.024418
0.86347 0.038095
0.85812 0.040016
0.86823 0.035095
0.78189 0.021684
0.80384 0.029296
0.7925 0.024409
0.89324 0.032112
0.80329 0.023187
0.84577 0.030766
0.82874 0.02332
0.85587 0.030317
0.90185 0.031491
0.8477 0.026024
0.92884 0.030593
0.85766 0.025811
0.94272 0.030479
0.93436 0.030588
0.94135 0.030679
0.86814 0.021526
0.89801 0.024382
0.89164 0.02204
0.95697 0.028878
0.95257 0.029071
0.96024 0.028701
0.92882 0.022215
0.93385 0.023426
0.97236 0.021872
0.97561 0.023932
0.96398 0.028691
