345
0.021325 0.024128
0.02059 0.032098
0.039228 0.023537
0.023155 0.032117
0.021757 0.032098
0.023852 0.0321
0.052073 0.021226
0.036874 0.028547
0.059812 0.024571
0.028719 0.033183
0.026242 0.032492
0.086294 0.02091
0.030321 0.033017
0.11533 0.020763
0.031839 0.032625
0.031039 0.032836
0.033239 0.03233
0.14161 0.020893
0.07989 0.026362
0.15062 0.02749
0.05553 0.029675
0.037827 0.031407
0.048009 0.02942
0.16434 0.023981
0.068818 0.03026
0.17348 0.02158
0.091263 0.028392
0.076328 0.029077
0.091568 0.02839
0.182 0.025304
0.12711 0.027397
0.19754 0.02172
0.15972 0.032271
0.13017 0.028037
0.13739 0.031289
0.20542 0.024064
0.16317 0.033057
0.21326 0.022975
0.19192 0.031696
0.13669 0.031474
0.13677 0.031924
0.21416 0.030691
0.18383 0.032952
0.22197 0.025501
0.18385 0.034642
0.13413 0.031425
0.12623 0.030154
0.22985 0.028417
0.11962 0.029319
0.23828 0.023656
0.18648 0.037697
0.12009 0.029397
0.13175 0.031954
0.24452 0.02825
0.13572 0.033432
0.24674 0.031189
0.22004 0.038547
0.13712 0.033867
0.14206 0.035545
0.25454 0.026191
0.21743 0.04103
0.24508 0.037645
0.14436 0.038359
0.14266 0.036286
0.27328 0.024228
0.14547 0.0396
0.27699 0.029515
0.23428 0.041437
0.14618 0.040293
0.14802 0.041405
0.28323 0.028832
0.14737 0.041484
0.28114 0.033015
0.14653 0.041518
0.14691 0.041479
0.14595 0.041432
0.28968 0.028696
0.26852 0.038799
0.29682 0.026732
0.14145 0.038971
0.14355 0.040686
0.14096 0.038539
0.29423 0.032109
0.26841 0.042984
0.28637 0.039618
0.083829 0.034855
0.052608 0.034311
0.30337 0.030109
0.26133 0.041039
0.30237 0.032031
0.19788 0.038344
0.038405 0.037761
0.037012 0.038984
0.30081 0.036105
0.037457 0.039273
0.30663 0.032324
0.16274 0.039967
0.03985 0.039347
0.04345 0.03914
0.3132 0.029764
0.25084 0.043088
0.33696 0.024205
0.044561 0.039545
0.042886 0.039603
0.044625 0.039539
0.31254 0.031669
0.12073 0.03837
0.31155 0.032633
0.12828 0.036564
0.045439 0.039387
0.33923 0.029189
0.13695 0.039576
0.34921 0.024212
0.069172 0.040439
0.047572 0.039027
0.048019 0.039021
0.34733 0.02939
0.04871 0.038987
0.30919 0.034819
0.048992 0.038967
0.048701 0.038987
0.048943 0.038971
0.33361 0.032411
0.049972 0.038904
0.3633 0.022355
0.17778 0.039609
0.2095 0.040803
0.095547 0.035629
0.092349 0.035593
0.37581 0.022587
0.35515 0.032312
0.3929 0.020827
0.38809 0.024482
0.35748 0.033616
0.38442 0.028635
0.32918 0.033162
0.36855 0.03391
0.36194 0.034512
0.09132 0.035442
0.097505 0.035678
0.39399 0.035377
0.38955 0.039496
0.28294 0.043023
0.35262 0.042539
0.37389 0.03858
0.33736 0.040694
0.35778 0.041337
0.3167 0.038746
0.30882 0.039984
0.40499 0.021512
0.40243 0.02321
0.41533 0.020238
0.41136 0.022928
0.4005 0.025455
0.42148 0.021483
0.41231 0.026389
0.38956 0.034989
0.39992 0.033134
0.40187 0.034304
0.41033 0.031016
0.37003 0.040199
0.38836 0.042561
0.41411 0.028375
0.41749 0.02461
0.3169 0.038887
0.39356 0.04205
0.41268 0.037577
0.42159 0.027933
0.41021 0.041033
0.39789 0.038218
0.41943 0.039235
0.41922 0.028941
0.40195 0.040786
0.43407 0.020682
0.44923 0.021975
0.4918 0.020963
0.46472 0.02663
0.45121 0.024554
0.49618 0.023811
0.42961 0.025213
0.43869 0.039982
0.53246 0.026948
0.50184 0.029937
0.43294 0.032509
0.4398 0.043195
0.50134 0.03155
0.49108 0.036064
0.42326 0.025752
0.4255 0.026547
0.47433 0.036134
0.4558 0.037605
0.43186 0.036036
0.42821 0.032085
0.45826 0.041879
0.43415 0.043985
0.44465 0.039858
0.54418 0.021011
0.54674 0.024435
0.56643 0.021557
0.57472 0.025182
0.55545 0.029834
0.56486 0.031473
0.55755 0.040678
0.56279 0.040623
0.58929 0.033667
0.54197 0.032741
0.52648 0.029753
0.6006 0.038234
0.60954 0.037196
0.5156 0.033833
0.498 0.036468
0.58969 0.034451
0.54442 0.039743
0.49223 0.036435
0.5066 0.038066
0.53045 0.037385
0.57809 0.022147
0.6058 0.028715
0.59873 0.025947
0.62391 0.036802
0.59825 0.029985
0.83249 0.039826
0.61572 0.038822
0.60279 0.038486
0.57042 0.039494
0.55146 0.041337
0.6043 0.022214
0.89018 0.040082
0.61665 0.024204
0.91745 0.038821
0.87753 0.039817
0.93397 0.039693
0.63029 0.03752
0.70439 0.038848
0.63391 0.037674
0.81514 0.038737
0.95405 0.038699
0.95912 0.038533
0.62607 0.022882
0.96127 0.038406
0.64481 0.037202
0.96225 0.038388
0.96165 0.038402
0.96231 0.038384
0.63915 0.029152
0.79615 0.037016
0.64313 0.028656
0.96209 0.038325
0.96226 0.038363
0.64383 0.022963
0.96171 0.038289
0.65495 0.037011
0.69645 0.038096
0.96196 0.038309
0.95966 0.03827
0.6577 0.036942
0.73306 0.040058
0.65771 0.028259
0.67478 0.037626
0.95797 0.038345
0.66556 0.03691
0.93508 0.038832
0.66491 0.02506
0.71145 0.03943
0.9415 0.03953
0.92345 0.035451
0.66763 0.023104
0.89368 0.037683
0.67857 0.031383
0.69366 0.037387
0.87108 0.039203
0.84979 0.04068
0.68731 0.031781
0.81575 0.037971
0.6901 0.035336
0.7858 0.035727
0.7717 0.037053
0.69228 0.024232
0.76037 0.038035
0.70002 0.026565
0.75571 0.038731
0.76044 0.038024
0.75879 0.038302
0.70408 0.022952
0.75424 0.038735
0.71082 0.035981
0.76459 0.0377
0.75474 0.03871
0.75951 0.037963
0.71374 0.034895
0.77772 0.035644
0.72167 0.022524
0.73315 0.038965
0.77297 0.036439
0.79678 0.036048
0.72871 0.02229
0.73699 0.039239
0.73106 0.035361
0.7407 0.039388
0.80989 0.038865
0.82195 0.034638
0.73753 0.023063
0.74587 0.039161
0.74128 0.035899
0.75089 0.036833
0.83835 0.039899
0.84192 0.039941
0.74515 0.029303
0.76637 0.032671
0.75546 0.030389
0.77426 0.031692
0.84234 0.039382
0.85245 0.039561
0.75628 0.027594
0.78922 0.028903
0.76907 0.023995
0.86286 0.038851
0.85821 0.040583
0.86694 0.035891
0.78115 0.02142
0.80653 0.029331
0.7942 0.023791
0.89088 0.032494
0.80598 0.023176
0.84512 0.031181
0.82941 0.023662
0.85509 0.030554
0.89912 0.032106
0.84699 0.026189
0.92562 0.03046
0.85685 0.02597
0.93951 0.029968
0.93114 0.030451
0.93813 0.030221
0.86687 0.021605
0.89594 0.024568
0.88963 0.022093
0.95517 0.028123
0.95033 0.028253
0.95873 0.027997
0.92553 0.022186
0.93059 0.023388
0.9718 0.021745
0.97529 0.023666
0.96282 0.028028
