345
0.023532 0.021549
0.021362 0.02456
0.078507 0.021246
0.027284 0.024568
0.024057 0.02456
0.028895 0.024561
0.10564 0.020709
0.066161 0.022927
0.11633 0.022975
0.039742 0.024617
0.034303 0.024555
0.14894 0.021241
0.043667 0.024593
0.16468 0.02144
0.047866 0.024506
0.045608 0.024553
0.051997 0.024416
0.18271 0.021137
0.13952 0.026096
0.18985 0.029567
0.097878 0.025051
0.064543 0.02412
0.08607 0.024132
0.1996 0.026215
0.11706 0.026478
0.20493 0.022728
0.14533 0.030237
0.12954 0.027057
0.14563 0.030329
0.20979 0.030075
0.17108 0.0308
0.21736 0.023395
0.1972 0.038041
0.17362 0.031147
0.17961 0.034198
0.22147 0.027211
0.19899 0.039939
0.22647 0.024359
0.21386 0.044174
0.17903 0.034441
0.17911 0.034974
0.22704 0.035375
0.20978 0.04479
0.23304 0.027324
0.20942 0.047911
0.17678 0.034688
0.16924 0.034628
0.23895 0.030959
0.16415 0.035224
0.24545 0.02451
0.20933 0.055095
0.16443 0.03523
0.17432 0.035688
0.2508 0.029391
0.17819 0.036833
0.25287 0.032403
0.23185 0.044621
0.17947 0.037274
0.18407 0.039653
0.2602 0.027075
0.22926 0.048457
0.25156 0.039681
0.18661 0.043213
0.18477 0.040617
0.27452 0.025373
0.18759 0.044915
0.27734 0.031855
0.24295 0.048065
0.18817 0.045836
0.18957 0.047348
0.28259 0.030645
0.18915 0.04772
0.28123 0.035864
0.18861 0.0481
0.18885 0.047852
0.18821 0.048087
0.28785 0.029694
0.27184 0.045202
0.29447 0.027743
0.18407 0.044195
0.18643 0.046929
0.18349 0.043459
0.29157 0.033654
0.27238 0.051944
0.28634 0.043541
0.12268 0.031577
0.087763 0.026844
0.30012 0.032335
0.26691 0.047251
0.29937 0.034418
0.21458 0.056704
0.059141 0.027235
0.054656 0.027981
0.29816 0.038671
0.054412 0.028304
0.30238 0.035964
0.1979 0.053731
0.056487 0.028894
0.060429 0.029655
0.30745 0.033509
0.25823 0.04568
0.3263 0.024538
0.060978 0.030893
0.059003 0.030258
0.06107 0.03091
0.30684 0.036152
0.15123 0.043006
0.30599 0.037497
0.16812 0.041677
0.06245 0.030976
0.32823 0.029769
0.1794 0.04446
0.33832 0.024004
0.11014 0.03403
0.066332 0.031116
0.067176 0.031143
0.33612 0.029126
0.068488 0.031165
0.30392 0.040247
0.069025 0.031166
0.068472 0.031165
0.068933 0.031167
0.32245 0.034239
0.07099 0.031117
0.35251 0.022651
0.20423 0.05761
0.22178 0.054686
0.13161 0.036531
0.12978 0.036378
0.36307 0.02299
0.34504 0.032097
0.38113 0.020862
0.37458 0.024408
0.34751 0.034031
0.37046 0.028696
0.31838 0.035782
0.35694 0.036213
0.35197 0.036154
0.12878 0.035531
0.13271 0.036866
0.38196 0.036222
0.37411 0.038894
0.28492 0.051576
0.34191 0.041948
0.36038 0.041605
0.32378 0.043622
0.3483 0.042686
0.30926 0.046143
0.30333 0.048132
0.41076 0.021712
0.40866 0.02366
0.41991 0.020231
0.41643 0.023053
0.4065 0.026331
0.42711 0.021369
0.41727 0.02653
0.37548 0.034704
0.40426 0.035621
0.40696 0.036459
0.4153 0.031816
0.35755 0.043711
0.37076 0.042782
0.41883 0.028267
0.42215 0.024399
0.30938 0.046422
0.37909 0.042716
0.41518 0.038526
0.42724 0.027317
0.41195 0.043655
0.39411 0.044093
0.421 0.037979
0.42438 0.028399
0.40469 0.044372
0.44031 0.020721
0.45475 0.021876
0.49345 0.021119
0.47039 0.027195
0.45653 0.024424
0.49714 0.024392
0.43571 0.02541
0.44175 0.04049
0.52743 0.028058
0.50251 0.031293
0.43903 0.033251
0.44157 0.045137
0.50222 0.033118
0.49264 0.038868
0.42914 0.02523
0.43154 0.025991
0.47708 0.039672
0.45857 0.037426
0.43733 0.036742
0.43408 0.031908
0.45973 0.042744
0.43847 0.048811
0.44684 0.040456
0.53847 0.021049
0.54109 0.024518
0.56102 0.021747
0.56768 0.026225
0.54985 0.029525
0.56001 0.032425
0.55748 0.039695
0.5637 0.041524
0.58297 0.032166
0.53626 0.033389
0.5224 0.032249
0.59706 0.040296
0.6025 0.040407
0.51465 0.036969
0.49933 0.038843
0.58377 0.0329
0.5401 0.04031
0.49372 0.039433
0.50756 0.040338
0.52548 0.040376
0.57026 0.022503
0.59789 0.029583
0.59222 0.026095
0.61447 0.039478
0.59186 0.030214
0.79694 0.041667
0.60829 0.041912
0.59823 0.040407
0.57037 0.041509
0.54897 0.040771
0.59682 0.022386
0.86135 0.038089
0.60732 0.024884
0.88977 0.036407
0.85104 0.038237
0.91128 0.036558
0.62188 0.041789
0.68182 0.041768
0.62501 0.041649
0.78733 0.041126
0.93986 0.034336
0.94759 0.034012
0.61518 0.023399
0.95055 0.03392
0.63373 0.041985
0.95213 0.03385
0.95114 0.033896
0.95223 0.033843
0.62644 0.030894
0.75745 0.040019
0.62975 0.030663
0.95192 0.033791
0.95217 0.033822
0.63032 0.023668
0.95131 0.033778
0.64091 0.042481
0.67603 0.041681
0.9517 0.033783
0.94851 0.033792
0.64282 0.042623
0.70958 0.0428
0.64105 0.030879
0.65466 0.042262
0.94615 0.033756
0.64759 0.04233
0.91464 0.034662
0.64655 0.02672
0.69011 0.039453
0.92171 0.035989
0.90118 0.032551
0.64854 0.024066
0.86662 0.034594
0.65742 0.033306
0.67446 0.041024
0.84388 0.035297
0.81805 0.042148
0.66598 0.033869
0.78728 0.039532
0.6707 0.038333
0.7532 0.039657
0.74492 0.040043
0.66976 0.025129
0.73378 0.038966
0.67524 0.027597
0.7289 0.040079
0.73387 0.038955
0.73196 0.039286
0.67855 0.02338
0.72709 0.040622
0.68777 0.035831
0.73901 0.038684
0.72771 0.040362
0.73275 0.038833
0.69042 0.034351
0.74983 0.039688
0.69652 0.022502
0.70913 0.039876
0.7459 0.03949
0.75947 0.037558
0.70377 0.022346
0.71186 0.04129
0.70711 0.035778
0.71499 0.042066
0.7804 0.037556
0.79087 0.037215
0.71167 0.023381
0.71881 0.041422
0.71541 0.037464
0.7233 0.038703
0.80471 0.036975
0.81006 0.037104
0.71882 0.030076
0.73927 0.033376
0.72798 0.031305
0.74591 0.034016
0.81079 0.036591
0.82003 0.03891
0.72875 0.028237
0.756 0.03082
0.74067 0.02425
0.83074 0.034715
0.82375 0.039749
0.83864 0.031889
0.75143 0.021739
0.77464 0.028527
0.76135 0.024281
0.86531 0.030728
0.77392 0.022879
0.8148 0.030325
0.79546 0.023838
0.82378 0.029832
0.87594 0.02975
0.81677 0.025864
0.90785 0.028416
0.82577 0.025386
0.92622 0.027672
0.91546 0.0282
0.92432 0.027857
0.83951 0.021209
0.87285 0.023747
0.86515 0.021818
0.94667 0.026219
0.94087 0.026402
0.95138 0.026135
0.90869 0.021769
0.91542 0.022667
0.96911 0.02131
0.97374 0.022758
0.95697 0.026065
