345
0.0214 0.023907
0.020616 0.03145
0.04032 0.023323
0.023297 0.031467
0.021836 0.03145
0.024025 0.031451
0.054083 0.021153
0.037829 0.028041
0.06224 0.024252
0.029034 0.032477
0.026503 0.031823
0.089059 0.021104
0.030705 0.032314
0.1123 0.020858
0.032308 0.031938
0.031463 0.032142
0.033786 0.031647
0.13869 0.020756
0.084144 0.026968
0.15055 0.025566
0.057777 0.029055
0.038657 0.030739
0.049742 0.028795
0.16824 0.023346
0.072077 0.029381
0.17856 0.021419
0.092962 0.030914
0.080371 0.029299
0.093198 0.03093
0.18795 0.02489
0.12331 0.027417
0.20449 0.021546
0.16344 0.029898
0.12653 0.027811
0.13388 0.030133
0.21362 0.023499
0.16751 0.030905
0.22288 0.022568
0.19839 0.030841
0.13311 0.030395
0.13314 0.0308
0.22392 0.029258
0.18989 0.032005
0.2328 0.024908
0.18991 0.033571
0.1304 0.030601
0.12226 0.030284
0.24148 0.027379
0.11599 0.030053
0.25133 0.022936
0.19252 0.036527
0.1164 0.030095
0.12783 0.031399
0.25966 0.02623
0.13183 0.03235
0.26262 0.028386
0.23023 0.036409
0.13325 0.032544
0.13842 0.0332
0.27299 0.024537
0.22718 0.038393
0.26006 0.033292
0.14115 0.035097
0.1391 0.033718
0.29826 0.023062
0.14274 0.035842
0.30301 0.026694
0.24518 0.038091
0.14384 0.036166
0.14683 0.036328
0.31301 0.026285
0.14575 0.036552
0.31 0.029137
0.14435 0.036803
0.14498 0.036676
0.14338 0.036918
0.32144 0.027627
0.29118 0.034353
0.32839 0.026799
0.13721 0.036348
0.13975 0.03713
0.13668 0.036079
0.32598 0.03182
0.29039 0.037447
0.31701 0.035755
0.088105 0.037448
0.054647 0.033487
0.33381 0.030939
0.28189 0.035431
0.33238 0.032862
0.20383 0.036525
0.038286 0.036807
0.036754 0.037988
0.33012 0.036885
0.037146 0.038252
0.33622 0.033505
0.16855 0.036825
0.039441 0.038324
0.043582 0.038069
0.34349 0.03045
0.26775 0.037067
0.36742 0.023968
0.044856 0.03841
0.042828 0.038504
0.044934 0.038404
0.3423 0.03243
0.11615 0.039949
0.34108 0.033457
0.12368 0.036673
0.045936 0.038256
0.36968 0.028494
0.1323 0.037909
0.38015 0.023694
0.073646 0.038539
0.048544 0.03787
0.049083 0.037855
0.37785 0.028504
0.049919 0.037807
0.33793 0.03601
0.05026 0.037785
0.049908 0.037808
0.050201 0.037789
0.36317 0.031976
0.051447 0.037784
0.39787 0.021933
0.1839 0.037867
0.21738 0.037635
0.096952 0.040218
0.094632 0.040256
0.41226 0.022225
0.38703 0.029978
0.43112 0.020829
0.42616 0.024282
0.39005 0.030896
0.42247 0.027916
0.35793 0.032781
0.4045 0.031765
0.39637 0.031911
0.093857 0.040056
0.09836 0.040143
0.43196 0.035246
0.42747 0.039081
0.31209 0.036592
0.38197 0.038378
0.41071 0.035857
0.36567 0.039627
0.38982 0.037076
0.34323 0.039648
0.33577 0.040409
0.44331 0.021423
0.44041 0.023037
0.45469 0.02024
0.45074 0.022787
0.43836 0.0252
0.46046 0.021606
0.45174 0.026187
0.42761 0.03465
0.43774 0.032548
0.43974 0.033575
0.44986 0.030333
0.40675 0.037043
0.4262 0.041302
0.45352 0.028292
0.45675 0.024816
0.34334 0.039788
0.43131 0.041509
0.4537 0.037374
0.46056 0.028597
0.45174 0.039507
0.43552 0.037571
0.46033 0.040442
0.4584 0.029546
0.4399 0.039622
0.47213 0.020661
0.48838 0.022154
0.52297 0.021165
0.50152 0.02805
0.49026 0.025012
0.52636 0.024384
0.46746 0.025306
0.4766 0.038711
0.55911 0.027896
0.53218 0.030925
0.47044 0.032322
0.4779 0.040845
0.53144 0.032743
0.5242 0.037657
0.46192 0.026208
0.46381 0.02693
0.51249 0.0378
0.49434 0.039945
0.46882 0.036036
0.46602 0.032477
0.49833 0.041087
0.47027 0.042149
0.48363 0.040049
0.5698 0.021054
0.57242 0.024524
0.5945 0.02146
0.60259 0.026166
0.58115 0.028786
0.59323 0.030461
0.5836 0.038301
0.59392 0.038335
0.61342 0.038786
0.56721 0.033469
0.55383 0.031698
0.62152 0.040488
0.63251 0.038525
0.54667 0.036292
0.52858 0.037309
0.61373 0.039743
0.56849 0.040499
0.52493 0.037781
0.53769 0.038825
0.55706 0.040478
0.60518 0.022701
0.6264 0.029609
0.61967 0.027229
0.64665 0.040582
0.61912 0.032222
0.82137 0.039823
0.64065 0.041055
0.62455 0.040017
0.60373 0.04114
0.57581 0.039945
0.62486 0.02249
0.88493 0.038524
0.63669 0.024718
0.91235 0.038575
0.87033 0.038232
0.92882 0.038582
0.65124 0.041422
0.70914 0.040402
0.65393 0.041608
0.80277 0.038498
0.95384 0.036475
0.96042 0.03726
0.64479 0.023451
0.96244 0.037476
0.66193 0.040754
0.96337 0.037612
0.96281 0.037533
0.96342 0.037617
0.6554 0.031369
0.78662 0.040338
0.65845 0.030605
0.96321 0.037527
0.96337 0.037589
0.65892 0.023621
0.96285 0.037433
0.67048 0.040395
0.70226 0.040746
0.96309 0.037492
0.96091 0.037098
0.67286 0.040514
0.73694 0.044297
0.67072 0.029903
0.68582 0.042842
0.95907 0.036881
0.67917 0.041379
0.93007 0.037694
0.67668 0.026342
0.71675 0.040682
0.93708 0.037488
0.91882 0.035186
0.67867 0.023948
0.88936 0.036171
0.68757 0.034942
0.69981 0.040633
0.86365 0.037089
0.83966 0.038086
0.69397 0.034666
0.80354 0.037576
0.6965 0.038796
0.77864 0.039739
0.76931 0.041772
0.69767 0.025093
0.76017 0.040333
0.70457 0.027164
0.75546 0.040128
0.76024 0.040339
0.75857 0.040231
0.70823 0.023164
0.75402 0.040453
0.71566 0.036986
0.76437 0.041063
0.7545 0.040305
0.75924 0.040033
0.71833 0.035636
0.77313 0.040827
0.72512 0.022857
0.73679 0.043294
0.77005 0.041292
0.78713 0.039071
0.73097 0.022723
0.73997 0.043538
0.7342 0.038685
0.74279 0.043268
0.79728 0.04021
0.81078 0.034182
0.73819 0.023863
0.74602 0.042675
0.7425 0.039488
0.75036 0.039396
0.82707 0.039464
0.83052 0.038872
0.7439 0.031238
0.7645 0.035298
0.75334 0.031196
0.76996 0.035303
0.83098 0.038268
0.84286 0.037068
0.75397 0.028116
0.78063 0.030891
0.76549 0.024936
0.85476 0.036857
0.84968 0.037776
0.85939 0.034394
0.77437 0.021851
0.79543 0.030123
0.78494 0.024569
0.88582 0.031341
0.79493 0.023462
0.83465 0.030221
0.81888 0.023633
0.84631 0.029235
0.89505 0.03142
0.83694 0.02556
0.92168 0.030234
0.84838 0.025247
0.93628 0.028964
0.92737 0.029957
0.93464 0.029294
0.85957 0.021453
0.89156 0.024185
0.88433 0.021892
0.95484 0.027235
0.94909 0.027003
0.95908 0.027383
0.92174 0.022139
0.92692 0.023233
0.97196 0.021779
0.97538 0.023738
0.96315 0.027698
