345
0.021689 0.02324
0.020654 0.029538
0.046786 0.02294
0.023495 0.029555
0.021946 0.029538
0.024267 0.02954
0.059481 0.021265
0.042046 0.026761
0.065954 0.025256
0.029478 0.029665
0.026862 0.029558
0.085721 0.021777
0.031335 0.029647
0.095395 0.022684
0.033282 0.02964
0.032238 0.029645
0.035204 0.029612
0.10484 0.021875
0.078518 0.029832
0.10974 0.032965
0.055172 0.030016
0.041407 0.029472
0.049826 0.029606
0.1173 0.027702
0.066425 0.031461
0.12187 0.023193
0.083169 0.034877
0.073488 0.032674
0.083417 0.034942
0.12601 0.031336
0.09987 0.040765
0.13294 0.023287
0.11802 0.042525
0.10121 0.041431
0.10511 0.045018
0.13758 0.025979
0.12013 0.044741
0.14448 0.023525
0.13478 0.041433
0.10488 0.045712
0.10504 0.046599
0.1468 0.033277
0.13177 0.04486
0.15194 0.027413
0.13293 0.046969
0.10381 0.047292
0.10015 0.047967
0.1568 0.031866
0.097858 0.048069
0.16331 0.023914
0.13912 0.049122
0.098016 0.048152
0.10282 0.050003
0.17044 0.027734
0.10503 0.050259
0.17345 0.030931
0.15756 0.04467
0.10578 0.050292
0.10889 0.050573
0.18016 0.028474
0.15853 0.04892
0.17602 0.03852
0.1116 0.053177
0.10962 0.05134
0.19078 0.026693
0.11281 0.054433
0.19344 0.033384
0.17496 0.046954
0.11362 0.055137
0.11562 0.056945
0.19849 0.030168
0.11536 0.057589
0.1987 0.034741
0.11494 0.058267
0.11509 0.057836
0.11452 0.058387
0.20455 0.02897
0.19225 0.049543
0.21103 0.028506
0.11022 0.056898
0.1126 0.058292
0.10964 0.05645
0.21055 0.034399
0.19388 0.055751
0.20905 0.042829
0.071924 0.040648
0.050927 0.035549
0.21796 0.03468
0.18866 0.057941
0.21832 0.036902
0.15278 0.063595
0.039687 0.03634
0.037412 0.037662
0.21952 0.041027
0.037353 0.03836
0.22237 0.039941
0.1255 0.064033
0.038603 0.039871
0.041068 0.042364
0.22507 0.039982
0.18434 0.059108
0.23253 0.028493
0.041914 0.047222
0.040516 0.04415
0.041977 0.047331
0.22608 0.045036
0.090562 0.05338
0.22612 0.047638
0.10262 0.061514
0.042747 0.047777
0.23415 0.037724
0.10791 0.06254
0.2391 0.026603
0.064576 0.044415
0.044754 0.048742
0.04512 0.048864
0.23924 0.03455
0.04565 0.048906
0.22598 0.054486
0.045854 0.048878
0.045644 0.048907
0.045821 0.048889
0.23192 0.05037
0.046506 0.048446
0.24917 0.023793
0.1332 0.064856
0.15625 0.064849
0.077271 0.051417
0.076566 0.052094
0.25645 0.024362
0.24975 0.036782
0.26867 0.021003
0.26412 0.025798
0.25444 0.039321
0.26514 0.031162
0.23056 0.058703
0.26376 0.040057
0.25996 0.042392
0.075748 0.049256
0.077811 0.051767
0.29535 0.034775
0.30386 0.035926
0.21223 0.059122
0.274 0.044172
0.29774 0.039861
0.31217 0.039186
0.28807 0.043662
0.31878 0.039339
0.33504 0.041503
0.32451 0.02116
0.31051 0.022556
0.44414 0.020028
0.40098 0.020775
0.30335 0.024668
0.50451 0.020204
0.41139 0.021353
0.2817 0.033724
0.33826 0.031085
0.35179 0.029465
0.38405 0.024319
0.34856 0.03552
0.35658 0.034257
0.43079 0.021213
0.46771 0.020537
0.34932 0.040385
0.36336 0.038874
0.3795 0.027423
0.50531 0.021092
0.37464 0.03114
0.37395 0.03798
0.41626 0.023305
0.48546 0.021148
0.3868 0.029948
0.59986 0.020115
0.63924 0.021017
0.6867 0.02133
0.66294 0.025597
0.64254 0.022392
0.68959 0.025278
0.56638 0.0207
0.61086 0.024863
0.71159 0.028286
0.68552 0.033208
0.58589 0.021786
0.61138 0.026835
0.68286 0.035071
0.65957 0.03826
0.51775 0.020793
0.53406 0.020845
0.64164 0.03576
0.63765 0.030795
0.57517 0.022151
0.55015 0.021625
0.63133 0.039093
0.62229 0.040945
0.62457 0.02968
0.72838 0.020991
0.73135 0.024252
0.75019 0.022349
0.75456 0.029615
0.73488 0.029161
0.74472 0.033262
0.73093 0.037509
0.73632 0.03971
0.76565 0.043126
0.71527 0.03296
0.7016 0.03362
0.78767 0.065336
0.79265 0.070436
0.68955 0.038857
0.66997 0.042471
0.76626 0.044431
0.70703 0.040609
0.65865 0.039694
0.67518 0.045686
0.69133 0.043978
0.75653 0.024182
0.77306 0.040056
0.7682 0.032813
0.78617 0.052265
0.77013 0.041152
0.88372 0.067158
0.79444 0.070675
0.78976 0.068026
0.74706 0.042587
0.71488 0.040911
0.7695 0.024993
0.92085 0.05455
0.77454 0.028636
0.93527 0.054081
0.91388 0.057289
0.94486 0.05265
0.79195 0.055413
0.82801 0.066436
0.79262 0.053706
0.88049 0.065563
0.95997 0.050453
0.96348 0.050087
0.77944 0.025138
0.96484 0.04998
0.7955 0.051408
0.96565 0.049884
0.96512 0.049953
0.9657 0.049867
0.78835 0.034589
0.87076 0.065419
0.79029 0.033509
0.96555 0.049669
0.96568 0.049782
0.79007 0.024613
0.96525 0.049591
0.80101 0.046525
0.82579 0.064064
0.96544 0.049633
0.96399 0.049453
0.80311 0.046377
0.83519 0.066472
0.79982 0.032051
0.81864 0.064895
0.96289 0.04937
0.80977 0.051692
0.94703 0.047891
0.80474 0.028873
0.83014 0.062651
0.9508 0.049535
0.94078 0.046032
0.80632 0.025795
0.92379 0.048816
0.81358 0.043421
0.82429 0.059573
0.91063 0.054359
0.89231 0.060729
0.81799 0.04356
0.88071 0.060309
0.82107 0.051684
0.86761 0.060583
0.86242 0.060731
0.81859 0.028447
0.85668 0.060796
0.82221 0.033001
0.85406 0.060348
0.85672 0.060806
0.85582 0.060552
0.82407 0.025942
0.85277 0.060117
0.82889 0.052244
0.85902 0.058433
0.8533 0.059814
0.85625 0.059054
0.83013 0.049968
0.86525 0.057227
0.83314 0.025092
0.83613 0.054607
0.863 0.057596
0.87079 0.056603
0.83633 0.024422
0.83763 0.053807
0.83619 0.048204
0.83981 0.051721
0.87807 0.055716
0.88245 0.055542
0.84115 0.024736
0.84391 0.049507
0.84225 0.042391
0.85087 0.047336
0.88843 0.054621
0.89107 0.053345
0.84733 0.032727
0.85958 0.045626
0.85418 0.039242
0.86327 0.044958
0.89175 0.051635
0.89684 0.05042
0.85439 0.034306
0.86906 0.04093
0.86045 0.027972
0.906 0.047532
0.90027 0.049352
0.91 0.046144
0.8666 0.023101
0.87754 0.037361
0.872 0.028692
0.92374 0.041197
0.87771 0.025905
0.89636 0.037604
0.88827 0.028011
0.90354 0.034689
0.92919 0.039625
0.8987 0.029645
0.94493 0.036723
0.90542 0.028457
0.95484 0.034811
0.94885 0.035607
0.9537 0.034902
0.91254 0.0227
0.92838 0.027711
0.92471 0.023597
0.96473 0.033464
0.96209 0.033793
0.96684 0.03332
0.94585 0.023497
0.94923 0.025079
0.97511 0.022915
0.97719 0.026142
0.96956 0.033275
