345
0.021266 0.02432
0.020553 0.032661
0.038373 0.023615
0.022955 0.03268
0.021646 0.032661
0.023608 0.032662
0.051266 0.021203
0.036124 0.02879
0.059084 0.024347
0.028069 0.033797
0.025822 0.033074
0.086019 0.021082
0.029567 0.033637
0.11007 0.020821
0.031015 0.033189
0.03025 0.033437
0.03235 0.032832
0.13726 0.020744
0.08098 0.026884
0.14923 0.025525
0.054759 0.029361
0.03677 0.031723
0.047161 0.029398
0.16691 0.023379
0.068931 0.029395
0.1771 0.021438
0.090007 0.030639
0.07718 0.029241
0.090248 0.030652
0.18635 0.024962
0.12154 0.027192
0.20265 0.021572
0.16216 0.029948
0.12483 0.027604
0.13234 0.02994
0.21162 0.023555
0.16619 0.031004
0.22074 0.022604
0.19664 0.031012
0.13156 0.030192
0.13158 0.030589
0.22176 0.029386
0.18826 0.032187
0.23054 0.024965
0.18828 0.033777
0.12879 0.030371
0.12047 0.029959
0.23912 0.027434
0.11394 0.029658
0.24893 0.022944
0.19086 0.03678
0.11436 0.029703
0.12616 0.031116
0.25724 0.02623
0.13025 0.032098
0.2602 0.028377
0.228 0.036614
0.13169 0.0323
0.13698 0.032991
0.27062 0.024519
0.22499 0.038636
0.25764 0.033291
0.13976 0.034885
0.13767 0.033506
0.29596 0.02306
0.14136 0.035638
0.30072 0.026701
0.24281 0.038195
0.14248 0.035969
0.14549 0.036164
0.31067 0.026247
0.14439 0.036372
0.30767 0.029166
0.14299 0.036605
0.14362 0.036487
0.14201 0.036707
0.31913 0.027249
0.28886 0.034319
0.32681 0.026218
0.13574 0.036075
0.13834 0.036873
0.1352 0.035804
0.32419 0.030953
0.28806 0.037409
0.31468 0.035331
0.084814 0.037137
0.051049 0.034025
0.33283 0.029634
0.27955 0.035384
0.33137 0.031451
0.20199 0.036792
0.03609 0.038368
0.034681 0.039717
0.32909 0.035275
0.03501 0.039992
0.33571 0.031658
0.16721 0.036995
0.037017 0.039986
0.040418 0.039586
0.34416 0.028504
0.26536 0.037021
0.37149 0.024161
0.041499 0.039937
0.039708 0.040106
0.041568 0.039927
0.34283 0.030209
0.1141 0.039168
0.34139 0.031164
0.12193 0.036175
0.042467 0.039723
0.37361 0.029142
0.13073 0.037549
0.38323 0.024194
0.069505 0.038614
0.04481 0.039221
0.045286 0.039188
0.38129 0.029549
0.046026 0.039111
0.33787 0.033619
0.04633 0.039074
0.046017 0.039112
0.046277 0.039081
0.36803 0.03191
0.047384 0.038948
0.39819 0.022344
0.18237 0.038121
0.21532 0.037905
0.093993 0.039625
0.091561 0.039714
0.40975 0.022724
0.38915 0.031719
0.42779 0.020764
0.42233 0.024184
0.39174 0.032953
0.41828 0.02826
0.36315 0.031756
0.40353 0.034509
0.39703 0.034391
0.090754 0.039534
0.095468 0.03952
0.42897 0.034219
0.42382 0.038063
0.30977 0.03657
0.38571 0.04111
0.40818 0.039741
0.3723 0.040411
0.39192 0.040303
0.34527 0.035931
0.33584 0.037644
0.4405 0.021406
0.43775 0.022959
0.45183 0.020232
0.44789 0.022796
0.43575 0.025012
0.45766 0.021494
0.44889 0.026124
0.42396 0.033893
0.43532 0.03206
0.43742 0.033191
0.44695 0.030476
0.40515 0.041145
0.42226 0.040737
0.45067 0.028088
0.45388 0.024595
0.34544 0.036027
0.42854 0.040156
0.44981 0.036901
0.45777 0.027988
0.44779 0.039428
0.43329 0.036714
0.45518 0.039181
0.45551 0.029005
0.4379 0.039117
0.47109 0.020574
0.49016 0.021812
0.51907 0.021673
0.50402 0.029552
0.4924 0.024401
0.52142 0.026309
0.46573 0.024686
0.47633 0.03608
0.54778 0.028354
0.52541 0.035685
0.46904 0.030718
0.47805 0.037887
0.52485 0.038353
0.52002 0.045762
0.45937 0.025711
0.46154 0.026287
0.51307 0.046077
0.50033 0.040385
0.46675 0.034028
0.4638 0.03114
0.50477 0.045478
0.46801 0.039329
0.48558 0.036943
0.55793 0.021095
0.56049 0.024696
0.58096 0.02159
0.58839 0.026226
0.56899 0.029401
0.57978 0.031517
0.57172 0.039784
0.57994 0.040123
0.60026 0.037682
0.55547 0.034045
0.54271 0.032662
0.61022 0.040686
0.61961 0.039769
0.53567 0.03949
0.52287 0.045176
0.60068 0.038638
0.55686 0.041362
0.5205 0.04596
0.52876 0.045731
0.54549 0.04186
0.59112 0.022661
0.6132 0.029946
0.60676 0.02715
0.63235 0.041822
0.60644 0.032049
0.82427 0.039331
0.62685 0.042477
0.61279 0.040545
0.58797 0.041492
0.5644 0.040935
0.61178 0.022552
0.89021 0.039787
0.62285 0.025018
0.91485 0.039577
0.8761 0.037267
0.93094 0.03932
0.63663 0.04266
0.69232 0.039314
0.63914 0.042775
0.80502 0.037464
0.9549 0.037324
0.96115 0.038058
0.63049 0.023649
0.9631 0.038256
0.64664 0.041549
0.96399 0.038385
0.96345 0.03831
0.96404 0.03839
0.64054 0.031921
0.78682 0.037961
0.64345 0.031064
0.96384 0.038299
0.96399 0.038361
0.6439 0.023775
0.96349 0.038205
0.65491 0.040657
0.68589 0.040678
0.96372 0.038263
0.96163 0.037882
0.65725 0.040639
0.72623 0.038359
0.65533 0.030013
0.67021 0.042642
0.95986 0.037681
0.66354 0.041206
0.93216 0.038406
0.6613 0.026314
0.69991 0.038
0.93897 0.038289
0.92129 0.035915
0.66333 0.023914
0.89387 0.037791
0.67222 0.034739
0.68366 0.040595
0.86858 0.03591
0.84297 0.037531
0.67864 0.034529
0.80582 0.036641
0.68078 0.038643
0.77745 0.03672
0.76529 0.038337
0.68258 0.025053
0.75433 0.038383
0.6895 0.026982
0.74944 0.038694
0.7544 0.038379
0.75267 0.038513
0.69321 0.022983
0.74788 0.038835
0.69962 0.034888
0.75902 0.038443
0.74841 0.038755
0.75341 0.038233
0.70324 0.03315
0.77033 0.037136
0.71294 0.022187
0.72631 0.037369
0.76631 0.037759
0.78748 0.036886
0.72111 0.022014
0.73071 0.038346
0.72385 0.033666
0.73467 0.038921
0.79906 0.038695
0.81333 0.033715
0.73094 0.022919
0.73907 0.039254
0.73512 0.035535
0.74428 0.037242
0.83008 0.039067
0.8336 0.038477
0.73852 0.029261
0.76018 0.033291
0.74874 0.030393
0.76704 0.032687
0.83407 0.037877
0.84633 0.036486
0.74953 0.027575
0.78067 0.029341
0.76219 0.024238
0.85887 0.035962
0.85354 0.036993
0.86375 0.033513
0.77306 0.021536
0.79715 0.029302
0.7855 0.024006
0.89079 0.032194
0.7966 0.023175
0.8378 0.029962
0.82172 0.023536
0.84986 0.028885
0.89902 0.032444
0.84014 0.025406
0.92417 0.030698
0.85202 0.025031
0.93822 0.029369
0.92964 0.030358
0.93665 0.029702
0.86376 0.021364
0.89599 0.02459
0.88939 0.022009
0.95585 0.027602
0.9504 0.027388
0.95986 0.027732
0.92423 0.022235
0.92922 0.023364
0.97226 0.021848
0.97555 0.023883
0.96378 0.028037
