345
0.021398 0.023913
0.020539 0.03152
0.045014 0.022474
0.022883 0.031541
0.021606 0.03152
0.02352 0.031522
0.060513 0.021046
0.038996 0.026302
0.068477 0.023966
0.027813 0.031656
0.025661 0.031544
0.098516 0.020997
0.029358 0.031363
0.11811 0.021247
0.030984 0.030897
0.030112 0.031146
0.032585 0.030435
0.13971 0.020835
0.087276 0.026093
0.14969 0.026036
0.055273 0.028227
0.038197 0.028977
0.048867 0.027793
0.16713 0.023331
0.069021 0.028598
0.17793 0.02139
0.093741 0.028751
0.078686 0.028553
0.094117 0.02876
0.18722 0.02511
0.1251 0.029229
0.20218 0.02181
0.1648 0.029781
0.12799 0.02936
0.13611 0.030937
0.20976 0.023964
0.16905 0.030545
0.21882 0.02251
0.2049 0.032465
0.13539 0.031209
0.13557 0.031604
0.22188 0.029009
0.1979 0.032345
0.23003 0.024411
0.20062 0.033953
0.1325 0.031764
0.12359 0.032556
0.23935 0.026679
0.11826 0.033063
0.25048 0.022502
0.21111 0.039334
0.11857 0.033072
0.12943 0.033
0.26059 0.025586
0.13463 0.033181
0.26457 0.027948
0.23978 0.033771
0.1364 0.033283
0.14326 0.033755
0.27383 0.025615
0.24168 0.036114
0.2681 0.033129
0.14766 0.035259
0.14445 0.034181
0.29145 0.023975
0.14959 0.036005
0.29599 0.028026
0.26675 0.039262
0.15092 0.036423
0.15423 0.036967
0.30423 0.026255
0.15357 0.037377
0.30467 0.029083
0.15263 0.03786
0.15301 0.037587
0.15184 0.038001
0.31386 0.025781
0.29316 0.037596
0.32367 0.025851
0.14428 0.036853
0.14834 0.037827
0.14328 0.036568
0.32312 0.029874
0.29768 0.040732
0.32228 0.035507
0.073475 0.034745
0.049735 0.032667
0.33365 0.030243
0.28809 0.041867
0.33434 0.031755
0.22897 0.041681
0.035086 0.03639
0.032987 0.03862
0.33635 0.034453
0.032812 0.039409
0.34068 0.03347
0.17692 0.03816
0.033491 0.04054
0.035058 0.041757
0.34533 0.033462
0.2803 0.043145
0.35517 0.026309
0.035009 0.044621
0.034221 0.043404
0.035052 0.044646
0.34799 0.036577
0.10213 0.037965
0.34861 0.037917
0.12305 0.038779
0.035778 0.044555
0.35926 0.034279
0.13758 0.038986
0.36331 0.025908
0.064121 0.039488
0.038034 0.044139
0.038514 0.04403
0.36431 0.033276
0.039251 0.04381
0.34924 0.040668
0.039549 0.043701
0.039242 0.043814
0.039498 0.043722
0.35924 0.04099
0.040632 0.043184
0.37301 0.023932
0.20133 0.040927
0.24101 0.041589
0.079722 0.039736
0.078318 0.04025
0.37994 0.024483
0.37385 0.037424
0.39211 0.020979
0.38769 0.025813
0.37814 0.039988
0.38867 0.031152
0.35753 0.043608
0.38734 0.040183
0.38368 0.042047
0.077705 0.038961
0.080588 0.039798
0.42416 0.035521
0.43372 0.040744
0.32862 0.044807
0.39714 0.041661
0.42975 0.042028
0.4406 0.04657
0.41807 0.040541
0.444 0.047937
0.4545 0.049328
0.44386 0.021719
0.4346 0.023554
0.49201 0.020211
0.4843 0.022897
0.42921 0.025719
0.50086 0.021176
0.48685 0.026197
0.40679 0.031718
0.45423 0.036394
0.46264 0.035766
0.47859 0.031053
0.46254 0.045152
0.46726 0.044831
0.49025 0.027769
0.49496 0.023872
0.4642 0.050615
0.47875 0.049336
0.47845 0.037506
0.501 0.026298
0.48164 0.045896
0.492 0.062974
0.48846 0.036614
0.49772 0.027186
0.49014 0.055214
0.51506 0.020681
0.53031 0.021836
0.56291 0.021629
0.54379 0.028026
0.53216 0.024383
0.56524 0.026413
0.51037 0.025006
0.51368 0.040723
0.5827 0.031384
0.56177 0.036285
0.51282 0.032553
0.50872 0.051193
0.55954 0.038683
0.53342 0.047509
0.50315 0.024598
0.50583 0.025376
0.52562 0.048671
0.52698 0.039732
0.51073 0.035618
0.50815 0.030947
0.51355 0.054582
0.50289 0.070691
0.51773 0.041731
0.59438 0.021502
0.59626 0.026545
0.60904 0.022822
0.61276 0.03021
0.59814 0.034119
0.60366 0.038428
0.59437 0.046594
0.59694 0.049069
0.62042 0.03936
0.58502 0.038245
0.57527 0.037306
0.62659 0.048452
0.6316 0.046215
0.56483 0.042841
0.54213 0.045439
0.62067 0.04035
0.57938 0.046957
0.53208 0.048664
0.54937 0.04604
0.56628 0.047274
0.61479 0.024164
0.63173 0.033039
0.62785 0.028994
0.64628 0.037921
0.62685 0.035051
0.81544 0.040511
0.63679 0.044421
0.62749 0.048256
0.60293 0.049391
0.58454 0.048011
0.63116 0.023311
0.88985 0.038564
0.63947 0.025202
0.91322 0.040438
0.87867 0.038769
0.92898 0.040137
0.6554 0.040142
0.7156 0.045198
0.65955 0.04014
0.80646 0.040704
0.95189 0.040838
0.95658 0.040331
0.64806 0.023033
0.95838 0.040155
0.66744 0.040824
0.95951 0.040038
0.95878 0.040116
0.95959 0.040026
0.66134 0.029412
0.78412 0.044187
0.66473 0.029023
0.95936 0.039946
0.95954 0.039991
0.66542 0.023104
0.95892 0.039932
0.67697 0.039523
0.71039 0.044797
0.9592 0.039936
0.95716 0.039965
0.67971 0.039655
0.73346 0.045642
0.67843 0.028977
0.69259 0.049225
0.95573 0.04
0.68683 0.043285
0.93208 0.037513
0.68524 0.026653
0.72187 0.043319
0.93878 0.039245
0.92158 0.036063
0.68732 0.024317
0.89388 0.035799
0.69434 0.036502
0.70856 0.043001
0.87068 0.036448
0.83875 0.040037
0.70121 0.035596
0.80733 0.0385
0.70512 0.039524
0.77898 0.042867
0.76999 0.04494
0.7046 0.025504
0.76201 0.047212
0.70993 0.028111
0.75905 0.04778
0.76206 0.047204
0.76098 0.047373
0.7134 0.023626
0.75777 0.047909
0.72068 0.038317
0.76497 0.045119
0.75825 0.047671
0.76148 0.046438
0.72324 0.037141
0.77501 0.041982
0.72889 0.02303
0.73522 0.040295
0.77108 0.043057
0.78544 0.039885
0.73427 0.022702
0.73805 0.040421
0.73492 0.036913
0.74189 0.040375
0.80108 0.037241
0.8117 0.036072
0.74203 0.023181
0.74812 0.040838
0.7449 0.035534
0.75543 0.041098
0.82683 0.035375
0.83308 0.035585
0.75067 0.029635
0.76593 0.037703
0.75915 0.034805
0.77186 0.035842
0.83411 0.03498
0.84387 0.036333
0.75949 0.031011
0.78209 0.032023
0.76744 0.025496
0.85837 0.034423
0.84923 0.036673
0.86664 0.032571
0.77717 0.021866
0.79784 0.028884
0.78655 0.024833
0.89215 0.031351
0.79715 0.023035
0.83942 0.029034
0.81937 0.023666
0.85131 0.028222
0.90171 0.031229
0.84177 0.025103
0.92711 0.030395
0.85342 0.02465
0.94265 0.029733
0.93326 0.029795
0.94104 0.029715
0.86724 0.021282
0.89886 0.024314
0.89174 0.021917
0.9568 0.029012
0.95293 0.029319
0.96001 0.028845
0.92776 0.022176
0.93322 0.023186
0.97251 0.021904
0.9757 0.024013
0.96413 0.028728
