345
0.021007 0.025527
0.022539 0.042572
0.035629 0.024855
0.033763 0.042574
0.027561 0.042572
0.036636 0.042575
0.043413 0.021892
0.047373 0.032121
0.053161 0.027334
0.058036 0.042601
0.046867 0.042581
0.064358 0.021871
0.06368 0.042615
0.0742 0.022374
0.070818 0.042633
0.067019 0.042623
0.076254 0.042653
0.085174 0.021323
0.08374 0.032969
0.098077 0.027968
0.098317 0.042758
0.085388 0.042687
0.094625 0.042735
0.10718 0.024172
0.10396 0.042795
0.11619 0.021762
0.1111 0.042844
0.10727 0.042816
0.1112 0.042845
0.12383 0.026265
0.1207 0.04293
0.13583 0.021849
0.13513 0.032932
0.12216 0.042943
0.1371 0.043122
0.14428 0.023371
0.14592 0.034577
0.15625 0.022041
0.15694 0.031966
0.14313 0.043212
0.15202 0.04337
0.16198 0.027726
0.1606 0.033852
0.16913 0.024309
0.17111 0.035393
0.15977 0.043555
0.17462 0.044086
0.17827 0.026823
0.18409 0.044595
0.18885 0.022256
0.18743 0.036105
0.18446 0.044615
0.19265 0.045082
0.20106 0.024547
0.19786 0.045393
0.20698 0.026606
0.20756 0.034585
0.1998 0.045512
0.20913 0.046271
0.2173 0.025238
0.21944 0.038645
0.22278 0.031409
0.22625 0.049216
0.21765 0.047589
0.23402 0.024249
0.23253 0.050919
0.24088 0.028667
0.23781 0.040187
0.23481 0.051601
0.2404 0.053645
0.24602 0.026766
0.24532 0.056351
0.24973 0.029968
0.2499 0.059154
0.24756 0.05769
0.2513 0.060248
0.25499 0.02651
0.25625 0.04257
0.26352 0.02666
0.25663 0.066386
0.25448 0.063661
0.25693 0.066835
0.26593 0.031301
0.2674 0.049227
0.27001 0.038839
0.25914 0.075611
0.25917 0.078549
0.27485 0.032696
0.27225 0.057293
0.27639 0.03475
0.27357 0.066037
0.25861 0.083226
0.25778 0.087753
0.27999 0.039786
0.2573 0.089245
0.28231 0.039099
0.2754 0.074898
0.25648 0.091944
0.25536 0.09549
0.28497 0.039824
0.28068 0.068217
0.2877 0.028737
0.25177 0.10412
0.2544 0.097819
0.25158 0.10459
0.28828 0.046603
0.27377 0.089852
0.29036 0.050154
0.27596 0.088729
0.25054 0.10688
0.29227 0.039357
0.27781 0.089362
0.29367 0.027464
0.26838 0.10007
0.24727 0.11586
0.2473 0.11759
0.29555 0.036598
0.24876 0.11869
0.29599 0.061512
0.24956 0.11847
0.24873 0.11869
0.24937 0.11858
0.29711 0.056494
0.25351 0.11518
0.30196 0.02489
0.28714 0.09184
0.29087 0.087829
0.27161 0.10806
0.27006 0.10932
0.30734 0.026072
0.30382 0.042596
0.31575 0.021493
0.3127 0.028543
0.3073 0.048211
0.31342 0.036533
0.304 0.07521
0.313 0.052061
0.31129 0.055492
0.27331 0.10697
0.27182 0.1085
0.33565 0.034833
0.34503 0.035455
0.30398 0.083219
0.31835 0.061701
0.33775 0.039852
0.35199 0.038549
0.32519 0.054845
0.35693 0.037436
0.37084 0.036965
0.36798 0.020924
0.35238 0.022425
0.4688 0.020321
0.451 0.022151
0.34502 0.024525
0.48585 0.022409
0.45431 0.025076
0.32311 0.038386
0.38613 0.026968
0.41105 0.026193
0.44214 0.026478
0.40052 0.028697
0.41323 0.029848
0.4625 0.028151
0.47518 0.029735
0.39413 0.031699
0.40752 0.033636
0.43905 0.030293
0.48613 0.03284
0.43382 0.032977
0.42477 0.036465
0.45625 0.034448
0.47637 0.035761
0.44398 0.036024
0.53162 0.020377
0.57131 0.021185
0.65115 0.02097
0.61124 0.022793
0.57453 0.022387
0.6548 0.024279
0.52334 0.025637
0.53685 0.028418
0.67367 0.033348
0.65042 0.029481
0.52821 0.028625
0.53738 0.03142
0.6473 0.030467
0.62195 0.030482
0.50685 0.030221
0.51433 0.031887
0.5941 0.030286
0.57325 0.031116
0.52469 0.035293
0.51683 0.037737
0.60222 0.033339
0.5952 0.035882
0.56206 0.035655
0.68365 0.021546
0.68564 0.026566
0.69697 0.0242
0.69888 0.037549
0.68828 0.034111
0.69425 0.043531
0.68744 0.047671
0.69059 0.054181
0.69802 0.073518
0.67727 0.041453
0.66876 0.037954
0.70397 0.085235
0.70703 0.092
0.65911 0.036678
0.63305 0.034135
0.69662 0.077969
0.67585 0.053988
0.62957 0.035674
0.64159 0.040357
0.66564 0.047548
0.70032 0.027651
0.70342 0.057641
0.70433 0.042918
0.70767 0.066136
0.70143 0.063154
0.72331 0.10568
0.70812 0.092029
0.70483 0.089005
0.69332 0.073937
0.67959 0.057333
0.70749 0.028239
0.72936 0.11349
0.70973 0.033219
0.73353 0.11624
0.72832 0.11233
0.73506 0.11648
0.71244 0.063176
0.71963 0.087144
0.71343 0.060103
0.72709 0.094993
0.73886 0.11513
0.74151 0.11365
0.71404 0.027078
0.74352 0.11182
0.71687 0.054616
0.74533 0.10898
0.74401 0.11117
0.74557 0.1083
0.71749 0.036815
0.72952 0.085544
0.71999 0.034699
0.74692 0.10035
0.74609 0.10521
0.72272 0.02496
0.74671 0.096991
0.72512 0.045362
0.72822 0.068334
0.74691 0.09889
0.74554 0.090632
0.72765 0.043731
0.73174 0.070165
0.73113 0.030494
0.73137 0.059161
0.74468 0.087123
0.73328 0.044983
0.74486 0.078565
0.73885 0.026822
0.738 0.060954
0.74456 0.080337
0.74559 0.076112
0.74102 0.024262
0.74654 0.073525
0.74441 0.034242
0.747 0.046713
0.74739 0.071506
0.74952 0.066913
0.75306 0.031726
0.7509 0.064373
0.75451 0.035911
0.75454 0.060455
0.75717 0.058293
0.76114 0.024
0.76272 0.054917
0.77107 0.025232
0.77058 0.051756
0.76258 0.05498
0.76608 0.053467
0.77496 0.022314
0.77526 0.050285
0.78273 0.030967
0.78469 0.048311
0.77787 0.049618
0.7815 0.04889
0.79097 0.029729
0.79337 0.046851
0.79994 0.021745
0.80174 0.036097
0.79027 0.047333
0.79936 0.046139
0.80996 0.021444
0.807 0.035456
0.81539 0.029243
0.81658 0.033531
0.81034 0.044979
0.81523 0.044646
0.82535 0.02155
0.82658 0.032587
0.83502 0.02763
0.83823 0.032477
0.82891 0.043988
0.83898 0.043675
0.84522 0.02451
0.84882 0.033341
0.85823 0.02798
0.85383 0.033721
0.85048 0.043383
0.8588 0.043262
0.86308 0.025969
0.87001 0.032092
0.87651 0.023882
0.87296 0.043069
0.86456 0.043182
0.87745 0.043011
0.88795 0.021759
0.88635 0.031697
0.89688 0.025408
0.89813 0.042802
0.90546 0.024072
0.90202 0.035054
0.91868 0.026271
0.91584 0.033749
0.90603 0.042756
0.92471 0.028613
0.92129 0.042688
0.93329 0.028364
0.93615 0.042639
0.92826 0.042661
0.93487 0.042642
0.94705 0.023181
0.94859 0.032127
0.95593 0.025515
0.95353 0.042601
0.94794 0.04261
0.95763 0.042596
0.96588 0.027789
0.96428 0.031686
0.97805 0.027664
0.97826 0.034831
0.96242 0.042591
