345
0.020922 0.025936
0.020359 0.037475
0.03309 0.026264
0.021919 0.037506
0.021069 0.037475
0.022343 0.037478
0.039195 0.02255
0.030756 0.034522
0.042581 0.029307
0.025176 0.039391
0.023765 0.038138
0.05591 0.022076
0.026091 0.039735
0.067991 0.021694
0.026974 0.03977
0.026509 0.039756
0.027773 0.039935
0.085762 0.020944
0.051329 0.033428
0.095171 0.026901
0.037367 0.040676
0.030303 0.040403
0.034573 0.039756
0.10971 0.023978
0.043231 0.040109
0.11829 0.021656
0.05391 0.039497
0.047725 0.038666
0.054044 0.039506
0.12663 0.025887
0.073402 0.031673
0.13962 0.021938
0.10588 0.031867
0.075745 0.031465
0.081506 0.032804
0.14683 0.024065
0.10871 0.032825
0.15568 0.022548
0.13395 0.033953
0.080821 0.033212
0.08081 0.033694
0.15666 0.029032
0.12711 0.034407
0.16649 0.024515
0.12657 0.03625
0.078351 0.034185
0.071437 0.036369
0.17594 0.026843
0.067229 0.03811
0.18631 0.022753
0.12742 0.040457
0.067462 0.03805
0.075826 0.036031
0.19518 0.025993
0.079457 0.035813
0.19867 0.028212
0.16429 0.035135
0.080804 0.035753
0.085966 0.03611
0.20866 0.02515
0.16037 0.03723
0.19686 0.032784
0.088906 0.03798
0.086702 0.036642
0.23124 0.023161
0.090111 0.038729
0.23624 0.026944
0.18184 0.037365
0.090857 0.039103
0.092837 0.039556
0.24488 0.026231
0.092134 0.039928
0.24212 0.029283
0.091237 0.040369
0.091643 0.040121
0.090618 0.040516
0.25414 0.025661
0.22482 0.034819
0.26519 0.024749
0.085181 0.039715
0.088074 0.040483
0.084538 0.039485
0.26053 0.028208
0.22463 0.038862
0.24921 0.03351
0.042509 0.054339
0.03296 0.053066
0.27412 0.028064
0.21699 0.037946
0.27282 0.029298
0.13611 0.041363
0.027945 0.055627
0.027126 0.057679
0.27088 0.031793
0.027055 0.059108
0.27784 0.030853
0.10648 0.041173
0.027297 0.062271
0.027731 0.065589
0.28482 0.029943
0.20672 0.038569
0.30767 0.024041
0.02757 0.068492
0.027419 0.066808
0.027579 0.068542
0.28419 0.031793
0.055449 0.054291
0.28325 0.032628
0.070032 0.044325
0.027737 0.06886
0.30989 0.028612
0.079567 0.042039
0.32102 0.023664
0.033185 0.06894
0.028197 0.06945
0.028298 0.06956
0.31857 0.028299
0.02846 0.069641
0.28095 0.034214
0.028526 0.069659
0.028458 0.069641
0.028515 0.069659
0.30281 0.032251
0.028757 0.06974
0.33726 0.022257
0.11832 0.042362
0.14769 0.039908
0.044267 0.057905
0.042794 0.058436
0.34949 0.022506
0.32823 0.030579
0.36825 0.020763
0.36295 0.024051
0.33102 0.032065
0.3588 0.027889
0.29822 0.033235
0.34271 0.033691
0.33653 0.033808
0.042732 0.057932
0.045069 0.057768
0.36839 0.034266
0.36272 0.037543
0.24407 0.038717
0.32432 0.039921
0.34727 0.038125
0.3033 0.040436
0.33192 0.039525
0.28753 0.03994
0.28075 0.03947
0.3809 0.021437
0.37833 0.023044
0.39199 0.020211
0.38771 0.022683
0.37646 0.025157
0.39923 0.021266
0.38873 0.025788
0.36373 0.03351
0.37513 0.032406
0.37671 0.033549
0.38634 0.030221
0.34408 0.040048
0.36063 0.041068
0.39064 0.027477
0.39448 0.024059
0.28767 0.04016
0.36627 0.040692
0.38656 0.036148
0.39935 0.026769
0.38261 0.040127
0.37172 0.037175
0.39412 0.036652
0.39657 0.027787
0.37493 0.039948
0.41478 0.020525
0.43621 0.021331
0.49351 0.020882
0.45899 0.024572
0.4391 0.02309
0.49831 0.023563
0.40884 0.024326
0.41801 0.034573
0.53443 0.026894
0.50436 0.02954
0.41304 0.029818
0.41831 0.037205
0.50385 0.031063
0.49244 0.034597
0.40125 0.024815
0.40385 0.025362
0.47159 0.032044
0.44327 0.031917
0.41089 0.03284
0.40687 0.029957
0.44498 0.03486
0.41254 0.039794
0.42653 0.033755
0.54712 0.020871
0.55003 0.02366
0.57559 0.021396
0.58383 0.025418
0.56161 0.027405
0.5743 0.029947
0.57068 0.035734
0.57873 0.037444
0.59854 0.034507
0.54482 0.031375
0.52871 0.030137
0.60984 0.038467
0.61811 0.035902
0.5182 0.034029
0.50021 0.035522
0.59911 0.035317
0.54907 0.036597
0.49372 0.035059
0.50912 0.037725
0.53283 0.037554
0.58687 0.02232
0.61292 0.028131
0.606 0.026041
0.6345 0.03623
0.60574 0.030206
0.84372 0.040482
0.62682 0.037393
0.61165 0.03788
0.58727 0.03974
0.56014 0.03607
0.61148 0.022088
0.90405 0.04219
0.62534 0.023861
0.92568 0.041748
0.89329 0.041112
0.94205 0.042056
0.64286 0.037534
0.71492 0.038443
0.64629 0.036824
0.83016 0.038911
0.96116 0.042773
0.96551 0.043451
0.63494 0.022837
0.96686 0.043561
0.65904 0.035363
0.96756 0.043714
0.96713 0.043626
0.9676 0.043719
0.64826 0.028308
0.8062 0.039835
0.65301 0.0278
0.96744 0.043584
0.96756 0.043674
0.65383 0.022665
0.96716 0.043465
0.66977 0.036042
0.70733 0.039579
0.96734 0.043538
0.96584 0.043132
0.67245 0.036263
0.74993 0.037582
0.66935 0.027815
0.68848 0.038863
0.96466 0.04296
0.67917 0.036496
0.94323 0.040732
0.6767 0.024925
0.72505 0.037186
0.94959 0.042098
0.93178 0.037149
0.6794 0.023018
0.90675 0.039602
0.69109 0.031713
0.70536 0.039476
0.8865 0.039054
0.8629 0.041041
0.69935 0.03329
0.83053 0.037684
0.70236 0.037317
0.80145 0.039281
0.79195 0.03781
0.70319 0.024746
0.77943 0.036945
0.7097 0.026656
0.77398 0.037883
0.77952 0.036935
0.77738 0.03724
0.71381 0.022851
0.7724 0.038117
0.72334 0.033998
0.7851 0.03673
0.77293 0.037995
0.77825 0.036847
0.72645 0.032665
0.79699 0.038342
0.73406 0.022163
0.74949 0.035869
0.79292 0.037515
0.80762 0.037915
0.74294 0.021874
0.75422 0.037121
0.74659 0.032572
0.7586 0.037994
0.82401 0.03798
0.83566 0.035108
0.75342 0.022723
0.76329 0.038376
0.75849 0.03437
0.76838 0.036204
0.85071 0.039537
0.85452 0.039188
0.76165 0.028642
0.78523 0.032005
0.77228 0.02986
0.79268 0.032719
0.85514 0.03851
0.86532 0.03959
0.77303 0.027208
0.80347 0.030841
0.78682 0.023821
0.87632 0.037892
0.87028 0.040615
0.88149 0.035035
0.79833 0.021681
0.82056 0.029097
0.80827 0.024395
0.90443 0.033853
0.81998 0.023096
0.85966 0.03117
0.84317 0.023683
0.86917 0.030558
0.91196 0.033805
0.86183 0.026252
0.93474 0.031595
0.87099 0.025958
0.94758 0.031182
0.93993 0.031449
0.94625 0.031418
0.88184 0.021521
0.9089 0.02516
0.90333 0.022323
0.96131 0.029933
0.95707 0.029716
0.96427 0.030048
0.93485 0.022426
0.93954 0.023709
0.97392 0.022351
0.9765 0.02494
0.96725 0.03038
