345
0.022173 0.022517
0.020838 0.027411
0.055733 0.021997
0.024482 0.027424
0.022496 0.027411
0.025473 0.027412
0.073776 0.02099
0.048255 0.024795
0.081705 0.023847
0.032147 0.027549
0.028801 0.027426
0.11215 0.021059
0.034548 0.027523
0.13002 0.021318
0.037074 0.027393
0.035719 0.027463
0.039563 0.027252
0.15221 0.020803
0.10141 0.026085
0.16241 0.025832
0.068326 0.027366
0.047264 0.026758
0.060521 0.026449
0.18076 0.023112
0.08225 0.028325
0.19249 0.021276
0.10793 0.029124
0.092576 0.028165
0.10828 0.029145
0.20261 0.024588
0.13699 0.0292
0.22031 0.021423
0.1783 0.029194
0.1399 0.029126
0.14841 0.030541
0.23033 0.02292
0.1828 0.029814
0.24298 0.02177
0.22368 0.029556
0.14766 0.030809
0.14786 0.031188
0.24738 0.026313
0.21455 0.030134
0.25906 0.02313
0.21784 0.031171
0.1446 0.031374
0.13575 0.032694
0.27191 0.025093
0.13071 0.033807
0.28554 0.022281
0.23169 0.034156
0.13099 0.033797
0.14152 0.032603
0.29565 0.025513
0.14692 0.032718
0.29947 0.027667
0.27249 0.030557
0.1488 0.032797
0.15588 0.033241
0.3097 0.024577
0.27506 0.032689
0.30243 0.032138
0.16036 0.034758
0.1571 0.033667
0.33457 0.023076
0.16232 0.035467
0.34029 0.027221
0.29981 0.038333
0.1637 0.035833
0.16716 0.036259
0.3482 0.027031
0.16647 0.036672
0.34854 0.03028
0.16549 0.037165
0.16589 0.036891
0.16466 0.037326
0.35576 0.02658
0.33785 0.034574
0.36534 0.025243
0.15695 0.036239
0.16106 0.037244
0.15594 0.035949
0.3647 0.028951
0.34414 0.040328
0.36177 0.034609
0.0867 0.034183
0.061628 0.0306
0.37797 0.028354
0.32985 0.035697
0.37882 0.029618
0.25741 0.035311
0.043942 0.03188
0.041192 0.033107
0.38126 0.03193
0.041043 0.033637
0.38653 0.031236
0.19117 0.036702
0.042315 0.034604
0.044732 0.035853
0.39223 0.031303
0.31558 0.036723
0.40358 0.025902
0.045069 0.037886
0.043857 0.036845
0.045127 0.037913
0.39572 0.03423
0.11869 0.039997
0.3966 0.035491
0.13598 0.03905
0.045977 0.038018
0.40795 0.03416
0.15021 0.038268
0.41158 0.026103
0.0771 0.039092
0.048359 0.03821
0.048875 0.038239
0.41245 0.033843
0.049673 0.038248
0.39758 0.038013
0.049999 0.038237
0.049664 0.038249
0.049944 0.038241
0.40822 0.040247
0.05119 0.038105
0.42052 0.024299
0.21795 0.03669
0.2742 0.036813
0.094855 0.038524
0.093177 0.038848
0.4269 0.024986
0.42077 0.038969
0.43755 0.021186
0.43366 0.026658
0.42494 0.041512
0.43507 0.032929
0.40685 0.041692
0.43586 0.042588
0.4315 0.043251
0.092217 0.038047
0.095885 0.038582
0.45604 0.040925
0.45725 0.045289
0.36896 0.039868
0.44611 0.046729
0.45546 0.047475
0.45622 0.053828
0.45282 0.047842
0.45701 0.056512
0.46066 0.061558
0.46576 0.021733
0.46392 0.023722
0.47458 0.020231
0.4709 0.023078
0.46195 0.026462
0.48236 0.021408
0.47179 0.026583
0.44884 0.038258
0.46567 0.038254
0.46736 0.0394
0.47007 0.032003
0.46535 0.057885
0.46766 0.057609
0.47342 0.028306
0.47703 0.024381
0.46414 0.065979
0.47152 0.063081
0.47162 0.041622
0.48249 0.027544
0.47551 0.057716
0.47658 0.075316
0.47591 0.038495
0.47946 0.028363
0.47754 0.068993
0.49366 0.020948
0.50348 0.023058
0.52245 0.022582
0.5115 0.033988
0.50458 0.027402
0.52393 0.029996
0.49028 0.026556
0.49402 0.049789
0.53594 0.03579
0.52193 0.046313
0.49263 0.036921
0.49541 0.065593
0.52073 0.051009
0.51395 0.067663
0.4844 0.025598
0.48668 0.026686
0.50851 0.06669
0.50291 0.052037
0.49142 0.040749
0.48904 0.033931
0.5022 0.070114
0.49388 0.080878
0.49717 0.052376
0.5446 0.021918
0.54607 0.028227
0.55684 0.023115
0.5603 0.030804
0.54749 0.037478
0.55182 0.041656
0.54477 0.054498
0.54699 0.056984
0.56751 0.038752
0.5376 0.045071
0.53059 0.045295
0.57384 0.045651
0.57976 0.042512
0.52481 0.056554
0.51682 0.065859
0.56774 0.039655
0.53503 0.058434
0.51418 0.06897
0.52016 0.066359
0.5277 0.063097
0.56227 0.024304
0.58036 0.031226
0.57591 0.028009
0.59801 0.035625
0.57462 0.033543
0.80408 0.035185
0.58609 0.040411
0.57487 0.04523
0.55132 0.055198
0.53872 0.05862
0.57975 0.022862
0.87882 0.038454
0.5897 0.024377
0.90636 0.039506
0.86777 0.03902
0.92179 0.039492
0.60902 0.040107
0.67467 0.040088
0.61304 0.041113
0.79228 0.036288
0.94781 0.037002
0.95431 0.036951
0.59986 0.022688
0.95679 0.036969
0.61898 0.042611
0.95812 0.036974
0.95729 0.036973
0.95821 0.036971
0.61365 0.030021
0.76584 0.038829
0.61667 0.029919
0.95794 0.036889
0.95815 0.036941
0.61726 0.023421
0.95743 0.036839
0.62616 0.040183
0.66858 0.039948
0.95776 0.036867
0.95508 0.036712
0.62866 0.039435
0.69664 0.03932
0.62896 0.028935
0.64448 0.041826
0.9531 0.036617
0.63626 0.039823
0.92492 0.036956
0.63628 0.025822
0.68209 0.038563
0.93147 0.037811
0.91453 0.035659
0.63877 0.02364
0.88406 0.035086
0.64755 0.032827
0.66636 0.038528
0.86058 0.036988
0.83662 0.040304
0.657 0.032215
0.79343 0.034426
0.66209 0.03555
0.75903 0.037044
0.74557 0.037342
0.661 0.024367
0.73238 0.038988
0.66758 0.02653
0.72823 0.039596
0.73245 0.038979
0.73082 0.039166
0.67188 0.0229
0.72672 0.039874
0.68088 0.034556
0.73773 0.037577
0.72727 0.039664
0.73165 0.038624
0.68406 0.033595
0.75358 0.036055
0.6914 0.02235
0.69948 0.035399
0.74733 0.036316
0.76738 0.03572
0.69839 0.022052
0.70379 0.035551
0.69915 0.032837
0.70933 0.035744
0.78593 0.034224
0.7993 0.032016
0.70896 0.022459
0.71645 0.036571
0.71269 0.032183
0.72468 0.036117
0.81958 0.032259
0.82775 0.033553
0.71955 0.027673
0.73984 0.032345
0.72987 0.030807
0.74863 0.031331
0.82904 0.033397
0.83953 0.038168
0.73082 0.028011
0.76255 0.029195
0.74246 0.02381
0.8499 0.036927
0.84338 0.040276
0.85698 0.033516
0.75627 0.021378
0.7821 0.027442
0.7684 0.023844
0.88272 0.031052
0.78129 0.022542
0.83486 0.029065
0.81002 0.022768
0.84456 0.030229
0.89304 0.030291
0.83708 0.025369
0.91997 0.030082
0.84625 0.025773
0.93618 0.028619
0.92637 0.029436
0.93445 0.028742
0.85809 0.021366
0.89 0.023934
0.88255 0.021872
0.95361 0.027516
0.94879 0.027626
0.95753 0.0275
0.92065 0.022109
0.92634 0.02307
0.97158 0.021693
0.97516 0.023567
0.96215 0.027554
