345
0.021687 0.023244
0.020651 0.02955
0.050098 0.022067
0.023478 0.029567
0.021937 0.02955
0.024247 0.029552
0.067432 0.021044
0.042897 0.025249
0.074941 0.024131
0.029426 0.029662
0.02683 0.02957
0.10317 0.021064
0.03129 0.029423
0.12213 0.021216
0.033249 0.029044
0.032198 0.029247
0.035181 0.028667
0.14543 0.020792
0.092881 0.026543
0.15572 0.025853
0.062268 0.027693
0.041942 0.027475
0.054711 0.026695
0.17377 0.023203
0.075454 0.028951
0.18503 0.021335
0.098867 0.029445
0.084891 0.028985
0.099215 0.029446
0.19468 0.024889
0.12965 0.028636
0.21099 0.021567
0.17135 0.029429
0.13279 0.028652
0.14159 0.030279
0.22001 0.023274
0.17576 0.03013
0.23117 0.022011
0.21406 0.030588
0.14082 0.030515
0.14101 0.03089
0.23503 0.027177
0.20571 0.031043
0.2453 0.023531
0.20872 0.032245
0.13768 0.030953
0.12809 0.031853
0.25684 0.025526
0.12243 0.032719
0.26972 0.022388
0.22121 0.035913
0.12274 0.032707
0.13439 0.032011
0.27945 0.025737
0.14 0.03234
0.28312 0.027993
0.25739 0.031433
0.14191 0.032493
0.1491 0.033166
0.29291 0.024886
0.25979 0.033623
0.286 0.032708
0.15364 0.034768
0.15033 0.033614
0.31516 0.02335
0.15562 0.03552
0.32051 0.027329
0.28356 0.039123
0.157 0.035918
0.16041 0.036425
0.32877 0.026549
0.15972 0.036826
0.32916 0.029553
0.15876 0.0373
0.15915 0.037033
0.15794 0.037442
0.33731 0.02609
0.31821 0.035344
0.34725 0.025317
0.15015 0.036172
0.15434 0.037273
0.14912 0.035859
0.34664 0.029047
0.32418 0.039791
0.3446 0.034504
0.079825 0.035406
0.055948 0.031017
0.35919 0.028542
0.31137 0.037515
0.36005 0.029795
0.24385 0.037325
0.038263 0.033628
0.035748 0.035468
0.36267 0.032073
0.035544 0.036122
0.36799 0.031496
0.18377 0.037444
0.036382 0.037067
0.0383 0.038084
0.37369 0.032026
0.29881 0.038285
0.38354 0.026664
0.038277 0.040362
0.037303 0.039409
0.038329 0.040382
0.37738 0.035504
0.10815 0.039056
0.37833 0.036974
0.12772 0.037777
0.039213 0.040307
0.38763 0.036096
0.14319 0.037912
0.39055 0.026907
0.07166 0.040323
0.041987 0.03998
0.042592 0.039896
0.39139 0.035632
0.043533 0.039729
0.37951 0.039867
0.043917 0.039646
0.043521 0.039732
0.043851 0.039662
0.38815 0.043339
0.045316 0.039252
0.3985 0.024647
0.20882 0.038298
0.25898 0.038104
0.087153 0.04048
0.085704 0.040838
0.40451 0.025155
0.39834 0.040544
0.41529 0.0211
0.41137 0.026554
0.40176 0.043035
0.41221 0.032556
0.38719 0.045336
0.41068 0.042641
0.40697 0.044577
0.084845 0.039859
0.088051 0.040512
0.44433 0.038
0.45277 0.045942
0.35141 0.040502
0.42007 0.04405
0.44955 0.046557
0.45832 0.055445
0.43914 0.043188
0.46062 0.058539
0.46663 0.064569
0.45973 0.02238
0.45269 0.024473
0.49128 0.020286
0.48555 0.024133
0.44828 0.026861
0.49785 0.021637
0.48744 0.028613
0.42853 0.033054
0.46771 0.045452
0.47286 0.046209
0.48174 0.036676
0.47198 0.06146
0.47463 0.061168
0.48997 0.030468
0.49347 0.025291
0.47056 0.069129
0.47873 0.06633
0.48246 0.046622
0.49795 0.028766
0.48317 0.060424
0.48479 0.07836
0.48873 0.042858
0.49552 0.029904
0.48463 0.07182
0.50773 0.020989
0.51803 0.02284
0.54004 0.022127
0.52644 0.032223
0.5192 0.026817
0.54187 0.028236
0.50449 0.027163
0.50476 0.049955
0.55607 0.033234
0.53843 0.041507
0.50549 0.038072
0.50178 0.065314
0.53647 0.045113
0.51988 0.061939
0.49949 0.026441
0.50134 0.02759
0.51464 0.06262
0.51409 0.049757
0.50356 0.042331
0.50252 0.035549
0.50688 0.068674
0.4977 0.083877
0.50742 0.051594
0.5666 0.02165
0.56831 0.027127
0.58041 0.022887
0.58409 0.030248
0.56985 0.035244
0.57489 0.039378
0.56579 0.049028
0.56812 0.051304
0.59166 0.038653
0.55767 0.040992
0.54933 0.040924
0.59812 0.046353
0.60374 0.04372
0.54025 0.049417
0.52452 0.058714
0.59191 0.039579
0.55218 0.051655
0.51951 0.063445
0.52913 0.058036
0.54133 0.054673
0.58612 0.024135
0.60399 0.031859
0.59973 0.028315
0.62061 0.036232
0.59857 0.033986
0.80996 0.035915
0.60962 0.04183
0.59912 0.046049
0.57383 0.050795
0.55667 0.052024
0.60338 0.023017
0.88278 0.040247
0.61265 0.024682
0.90795 0.03847
0.87287 0.040265
0.92506 0.038572
0.63177 0.039655
0.69329 0.04187
0.63604 0.040498
0.79837 0.036754
0.95104 0.038629
0.95694 0.038732
0.62216 0.022764
0.9592 0.038787
0.64225 0.042242
0.96041 0.038811
0.95966 0.038799
0.96049 0.038809
0.63623 0.029726
0.77231 0.039937
0.63937 0.029663
0.96025 0.038715
0.96044 0.038775
0.63998 0.023338
0.95979 0.038652
0.6493 0.040532
0.68725 0.041435
0.96009 0.038688
0.95765 0.038479
0.65171 0.040033
0.71337 0.042861
0.6517 0.029217
0.6656 0.045158
0.95585 0.038346
0.65876 0.041466
0.92843 0.036274
0.65866 0.026293
0.70045 0.040403
0.93528 0.03761
0.9174 0.03467
0.66097 0.024
0.88731 0.036803
0.66853 0.034636
0.68512 0.039909
0.86624 0.037394
0.83985 0.040032
0.67658 0.033631
0.79948 0.034866
0.68111 0.036953
0.76572 0.038816
0.75446 0.041069
0.68053 0.024783
0.74511 0.043604
0.68671 0.027015
0.74172 0.044335
0.74516 0.043593
0.74392 0.043827
0.69072 0.023138
0.74026 0.044543
0.69912 0.03597
0.74859 0.041563
0.74082 0.044298
0.74452 0.042968
0.70203 0.035
0.76076 0.038348
0.7085 0.022675
0.71542 0.03807
0.75585 0.039458
0.77394 0.036561
0.71455 0.022403
0.71857 0.038234
0.71515 0.035054
0.72283 0.038238
0.79209 0.034532
0.80518 0.032499
0.72324 0.022848
0.72971 0.038605
0.72629 0.033901
0.73786 0.038611
0.82447 0.032944
0.83208 0.034065
0.73286 0.02857
0.75001 0.035149
0.74231 0.032918
0.7571 0.033342
0.83327 0.033744
0.84366 0.037431
0.74284 0.029595
0.76958 0.029905
0.75207 0.024683
0.85542 0.036149
0.84809 0.039138
0.86281 0.033535
0.76368 0.021545
0.78831 0.027642
0.77513 0.024039
0.88635 0.032266
0.78752 0.022614
0.83884 0.028974
0.81529 0.022929
0.84924 0.029509
0.89549 0.031094
0.84104 0.025243
0.92349 0.029568
0.85105 0.025332
0.94027 0.028791
0.93012 0.029089
0.93848 0.028816
0.86351 0.021377
0.89287 0.024364
0.88627 0.022077
0.95631 0.028301
0.95193 0.028383
0.95988 0.028308
0.9242 0.022004
0.93008 0.022956
0.97246 0.021892
0.97567 0.023986
0.96403 0.028397
