345
0.023469 0.021577
0.021338 0.024643
0.077538 0.021258
0.027154 0.024651
0.023985 0.024643
0.028736 0.024644
0.10473 0.020696
0.065361 0.02297
0.11569 0.022844
0.03939 0.0247
0.034048 0.024638
0.15232 0.021024
0.043245 0.024677
0.17009 0.02138
0.047369 0.024588
0.045152 0.024636
0.051426 0.024494
0.18868 0.021084
0.14083 0.025269
0.19623 0.029019
0.096841 0.025011
0.063765 0.024182
0.085061 0.024152
0.20661 0.025799
0.11644 0.026178
0.21236 0.022533
0.14791 0.028542
0.12988 0.026454
0.14828 0.028603
0.2176 0.029379
0.17668 0.030519
0.22572 0.023193
0.20418 0.036875
0.17929 0.030806
0.18561 0.03361
0.23005 0.026821
0.20612 0.038615
0.23531 0.024153
0.22236 0.042622
0.18502 0.033857
0.18513 0.034367
0.23604 0.034665
0.21795 0.043054
0.24221 0.027057
0.21763 0.045925
0.18273 0.034153
0.17529 0.034285
0.24832 0.03067
0.17036 0.034572
0.25491 0.024439
0.21762 0.052557
0.17063 0.034613
0.18036 0.035183
0.26035 0.029323
0.18428 0.036176
0.26247 0.032353
0.2413 0.043711
0.18562 0.036561
0.19053 0.038677
0.26974 0.027127
0.23869 0.047301
0.26125 0.039564
0.1933 0.042082
0.19129 0.039581
0.28383 0.025501
0.19437 0.043712
0.28658 0.032167
0.2527 0.047595
0.19499 0.044586
0.19648 0.045993
0.29166 0.030977
0.19606 0.046375
0.29035 0.036339
0.19552 0.046777
0.19575 0.046521
0.19511 0.046787
0.29675 0.030046
0.28127 0.045782
0.30315 0.028075
0.19072 0.0432
0.19325 0.045764
0.19009 0.042496
0.30035 0.034199
0.28181 0.052735
0.2953 0.044374
0.1224 0.030837
0.08675 0.026871
0.30854 0.032934
0.27646 0.047768
0.30783 0.035108
0.22332 0.054355
0.058443 0.027353
0.054038 0.028119
0.30667 0.039541
0.053799 0.028448
0.31068 0.036775
0.20517 0.05166
0.055836 0.029044
0.059708 0.02981
0.3155 0.034242
0.26796 0.045851
0.33334 0.024795
0.060249 0.031066
0.058308 0.030426
0.060341 0.031083
0.31492 0.037024
0.15753 0.039987
0.31412 0.038434
0.17509 0.04139
0.061701 0.031147
0.33517 0.030321
0.18594 0.043803
0.34472 0.024221
0.10936 0.033682
0.06553 0.03128
0.066362 0.031305
0.34264 0.029627
0.067657 0.031325
0.31215 0.041297
0.068186 0.031325
0.067641 0.031325
0.068095 0.031326
0.32973 0.035043
0.070124 0.031268
0.35821 0.022799
0.21205 0.054859
0.23092 0.052868
0.13253 0.034934
0.13046 0.034954
0.36816 0.023178
0.35111 0.032738
0.38507 0.020928
0.37897 0.024722
0.35347 0.034778
0.3751 0.029287
0.32588 0.036666
0.36242 0.037168
0.35771 0.037054
0.1293 0.034235
0.13379 0.035139
0.38591 0.037472
0.37861 0.040234
0.29393 0.052683
0.34817 0.04313
0.36568 0.042914
0.33103 0.044962
0.35424 0.043905
0.31726 0.047533
0.3116 0.04953
0.41248 0.021842
0.41054 0.023949
0.42097 0.020245
0.41774 0.023254
0.40853 0.026834
0.42789 0.021432
0.41852 0.02695
0.37986 0.035762
0.40658 0.036867
0.40909 0.037765
0.41672 0.032617
0.36301 0.045102
0.37548 0.044304
0.41996 0.028775
0.42313 0.024644
0.31737 0.047826
0.38333 0.044377
0.41672 0.039784
0.42801 0.027657
0.41383 0.045486
0.39736 0.046015
0.42209 0.039014
0.42526 0.028832
0.40716 0.046337
0.44056 0.020744
0.45468 0.021861
0.49534 0.021117
0.47137 0.026494
0.45642 0.024338
0.499 0.024357
0.43614 0.025607
0.44117 0.041206
0.52884 0.028978
0.50454 0.031105
0.43911 0.033692
0.44066 0.046494
0.50434 0.032905
0.49458 0.038854
0.42984 0.025455
0.43213 0.026233
0.47805 0.038436
0.45725 0.036932
0.43731 0.037327
0.43448 0.032359
0.45746 0.042397
0.43766 0.050713
0.44587 0.041072
0.53861 0.0212
0.5409 0.025191
0.55801 0.022007
0.56388 0.027087
0.54842 0.031082
0.55715 0.034296
0.55501 0.042742
0.56039 0.044672
0.57741 0.033277
0.53676 0.035278
0.52469 0.033188
0.59062 0.041066
0.59582 0.040738
0.51785 0.037298
0.50158 0.038622
0.57813 0.03404
0.54006 0.043437
0.49572 0.039384
0.51056 0.039855
0.52815 0.042715
0.56616 0.022839
0.59156 0.029912
0.58617 0.026441
0.60803 0.038987
0.58582 0.030808
0.78814 0.041825
0.60164 0.041757
0.59173 0.041086
0.56621 0.04445
0.54769 0.044163
0.59054 0.022478
0.86192 0.037579
0.60082 0.024867
0.89052 0.036519
0.85112 0.037401
0.91189 0.036675
0.61557 0.041393
0.67957 0.043013
0.6186 0.041309
0.77969 0.042091
0.94022 0.034462
0.94789 0.034126
0.60889 0.023312
0.95082 0.034032
0.62662 0.041679
0.95239 0.033964
0.95141 0.034008
0.95249 0.033957
0.6204 0.030649
0.75243 0.04187
0.62377 0.030435
0.95218 0.033904
0.95243 0.033936
0.6244 0.02359
0.95158 0.03389
0.63324 0.041123
0.67458 0.04293
0.95197 0.033896
0.9488 0.033903
0.63527 0.040898
0.70616 0.042451
0.63531 0.02991
0.65271 0.039397
0.94646 0.03387
0.64194 0.039444
0.91523 0.034773
0.64172 0.025802
0.68727 0.040432
0.92224 0.036126
0.90185 0.032637
0.64416 0.023443
0.86727 0.034315
0.6554 0.031776
0.67318 0.042127
0.8436 0.034177
0.81269 0.038381
0.66471 0.033619
0.77972 0.040225
0.66964 0.039002
0.74853 0.041627
0.74097 0.041706
0.66775 0.025242
0.73034 0.039991
0.67303 0.027901
0.72563 0.040843
0.73042 0.039984
0.72858 0.04023
0.67622 0.023523
0.72388 0.041263
0.68506 0.036598
0.73539 0.039956
0.72448 0.041045
0.72934 0.039799
0.68755 0.035071
0.74545 0.041586
0.69335 0.022584
0.70573 0.039625
0.74186 0.041167
0.75419 0.039108
0.70039 0.022361
0.70852 0.040875
0.70372 0.035692
0.71174 0.041809
0.77349 0.038373
0.78309 0.037718
0.70847 0.023317
0.71569 0.041464
0.71222 0.037314
0.72021 0.039059
0.79643 0.035283
0.80311 0.034308
0.71578 0.030112
0.73554 0.034294
0.7247 0.031704
0.74173 0.035225
0.80415 0.03374
0.81564 0.035702
0.72543 0.028549
0.7508 0.03186
0.7368 0.024557
0.82872 0.032834
0.82015 0.036679
0.83795 0.030761
0.74661 0.021913
0.76809 0.029008
0.75561 0.024643
0.86593 0.030498
0.76741 0.023046
0.81001 0.028383
0.78813 0.023837
0.82096 0.028318
0.87672 0.029678
0.81246 0.024805
0.90848 0.028474
0.82324 0.024597
0.92671 0.027742
0.91604 0.028263
0.92483 0.027927
0.83898 0.021099
0.87357 0.023707
0.86577 0.021778
0.94697 0.02627
0.94123 0.026457
0.95165 0.026185
0.90932 0.021781
0.916 0.022687
0.96921 0.021323
0.9738 0.022786
0.95719 0.026118
